const vec3 mieData[] = vec3[](
vec3(nan,nan,nan),
vec3(3.94858,5.26705,6.7745),
vec3(3.9197,5.22628,6.70842),
vec3(3.87145,5.15807,6.59726),
vec3(3.80367,5.06199,6.43942),
vec3(3.71607,4.93741,6.23242),
vec3(3.60857,4.78382,5.97308),
vec3(3.48052,4.60004,5.65647),
vec3(3.33199,4.38565,5.27695),
vec3(3.16285,4.14009,4.82664),
vec3(2.97275,3.86289,4.29526),
vec3(2.76259,3.5559,3.67296),
vec3(2.53422,3.22349,2.95549),
vec3(2.28726,2.87123,2.16144),
vec3(2.02802,2.51732,1.41464),
vec3(1.76245,2.18729,0.996289),
vec3(1.49973,1.91646,1.07354),
vec3(1.25385,1.74005,1.40921),
vec3(1.0398,1.67576,1.75418),
vec3(0.874083,1.71033,2.01386),
vec3(0.766244,1.80888,2.17493),
vec3(0.717907,1.93709,2.24749),
vec3(0.719872,2.06699,2.24296),
vec3(0.757544,2.18347,2.17474),
vec3(0.813568,2.27661,2.0531),
vec3(0.872169,2.34222,1.88843),
vec3(0.926867,2.38292,1.69573),
vec3(0.968174,2.3963,1.48196),
vec3(0.987872,2.38229,1.25461),
vec3(0.99043,2.34601,1.02308),
vec3(0.966714,2.28533,0.785968),
vec3(0.924721,2.20443,0.542101),
vec3(0.853392,2.10008,0.284212),
vec3(0.758947,1.97466,0.00904019),
vec3(0.641397,1.82799,-0.281944),
vec3(0.501171,1.65941,-0.577278),
vec3(0.3424,1.4671,-0.850865),
vec3(0.159308,1.24938,-1.05773),
vec3(-0.0449119,1.00128,-1.16957),
vec3(-0.268728,0.718767,-1.16909),
vec3(-0.50318,0.398662,-1.08574),
vec3(-0.754806,0.0318355,-0.973728),
vec3(-1.01841,-0.388886,-0.878881),
vec3(-1.2823,-0.87735,-0.826066),
vec3(-1.55402,-1.44715,-0.842586),
vec3(-1.82411,-2.10602,-0.934504),
vec3(-2.08683,-2.84398,-1.11273),
vec3(-2.34593,-3.58851,-1.38469),
vec3(-2.60548,-4.04518,-1.76941),
vec3(-2.85566,-3.94131,-2.27003),
vec3(-3.09746,-3.46955,-2.89882),
vec3(-3.3264,-2.95906,-3.63222),
vec3(-3.53039,-2.52277,-4.33472),
vec3(-3.68209,-2.18903,-4.67363),
vec3(-3.75809,-1.94487,-4.4893),
vec3(-3.73494,-1.77824,-4.0919),
vec3(-3.61057,-1.68087,-3.74961),
vec3(-3.40131,-1.63543,-3.53788),
vec3(-3.13808,-1.6437,-3.47302),
vec3(-2.86327,-1.6948,-3.53364),
vec3(-2.58482,-1.78788,-3.72035),
vec3(-2.31201,-1.89794,-3.99245),
vec3(-2.08727,-2.03918,-4.29931),
vec3(-1.87375,-2.18181,-4.54012),
vec3(-1.70198,-2.33045,-4.60458),
vec3(-1.55514,-2.46603,-4.45825),
vec3(-1.44889,-2.57958,-4.19697),
vec3(-1.36487,-2.67091,-3.91817),
vec3(-1.3172,-2.73395,-3.68432),
vec3(-1.2992,-2.77457,-3.50968),
vec3(-1.30415,-2.79508,-3.37633),
vec3(-1.34224,-2.80547,-3.2611),
vec3(-1.40407,-2.82078,-3.11687),
vec3(-1.49855,-2.83501,-2.92747),
vec3(-1.60911,-2.85034,-2.66622),
vec3(-1.73671,-2.86894,-2.35686),
vec3(-1.87706,-2.88452,-2.04126),
vec3(-2.00744,-2.90102,-1.72636),
vec3(-2.12415,-2.9167,-1.4504),
vec3(-2.21397,-2.92862,-1.22312),
vec3(-2.22292,-2.94443,-1.03333),
vec3(-2.19988,-2.96761,-0.910801),
vec3(-2.135,-2.9978,-0.846155),
vec3(-2.00862,-3.04725,-0.829034),
vec3(-1.85699,-3.1158,-0.865364),
vec3(-1.69543,-3.21857,-0.950396),
vec3(-1.52374,-3.35712,-1.07703),
vec3(-1.37048,-3.53376,-1.2513),
vec3(-1.23826,-3.74062,-1.46076),
vec3(-1.11576,-3.999,-1.69567),
vec3(-1.02658,-4.28054,-1.95635),
vec3(-0.955487,-4.56174,-2.21662),
vec3(-0.904466,-4.79941,-2.48658),
vec3(-0.884322,-4.9143,-2.76436),
vec3(-0.883725,-4.86051,-3.04876),
vec3(-0.912587,-4.64739,-3.37426),
vec3(-0.966086,-4.34946,-3.7387),
vec3(-1.04423,-4.0084,-4.17771),
vec3(-1.15094,-3.67023,-4.70104),
vec3(-1.27758,-3.37027,-5.2219),
vec3(-1.43994,-3.11413,-5.60652),
vec3(-1.61332,-2.89076,-5.47167),
vec3(-1.80653,-2.70191,-4.96755),
vec3(-2.03557,-2.54184,-4.37694),
vec3(-2.26934,-2.39878,-3.8085),
vec3(-2.49392,-2.29283,-3.35825),
vec3(-2.69667,-2.20041,-2.98824),
vec3(-2.8818,-2.12675,-2.71178),
vec3(-3.01208,-2.07431,-2.49842),
vec3(-3.02668,-2.02845,-2.32163),
vec3(-2.98855,-2.00171,-2.18225),
vec3(-2.85664,-1.98734,-2.06002),
vec3(-2.7119,-1.9957,-1.94941),
vec3(-2.53573,-2.01592,-1.82753),
vec3(-2.36734,-2.06513,-1.70342),
vec3(-2.18517,-2.14219,-1.58787),
vec3(-2.02758,-2.25224,-1.47011),
vec3(-1.88509,-2.3964,-1.36946),
vec3(-1.76971,-2.58816,-1.29362),
vec3(-1.66512,-2.83051,-1.2629),
vec3(-1.57684,-3.14062,-1.27044),
vec3(-1.51736,-3.53589,-1.33882),
vec3(-1.46114,-4.01468,-1.46765),
vec3(-1.43141,-4.62039,-1.67785),
vec3(-1.41559,-5.34406,-1.98958),
vec3(-1.41701,-5.96682,-2.41428),
vec3(-1.43812,-6.04772,-2.98028),
vec3(-1.46,-5.47265,-3.79604),
vec3(-1.50696,-4.71033,-4.87019),
vec3(-1.5667,-4.02703,-5.99025),
vec3(-1.63405,-3.44792,-5.54548),
vec3(-1.71672,-2.99324,-4.30082),
vec3(-1.80423,-2.61526,-3.27313),
vec3(-1.91174,-2.31349,-2.50845),
vec3(-2.03292,-2.07423,-1.94933),
vec3(-2.16186,-1.89522,-1.51758),
vec3(-2.30673,-1.7655,-1.18382),
vec3(-2.46681,-1.67829,-0.94685),
vec3(-2.63318,-1.64208,-0.770118),
vec3(-2.83678,-1.65431,-0.666671),
vec3(-3.01459,-1.69884,-0.601582),
vec3(-3.21856,-1.80038,-0.591897),
vec3(-3.4282,-1.95078,-0.637041),
vec3(-3.64519,-2.15139,-0.723067),
vec3(-3.90274,-2.41849,-0.877639),
vec3(-4.09092,-2.76729,-1.06214),
vec3(-4.32749,-3.21011,-1.3293),
vec3(-4.4713,-3.78993,-1.63487),
vec3(-4.61596,-4.54356,-2.01239),
vec3(-4.66262,-5.57895,-2.47916),
vec3(-4.85723,-7.02194,-3.1246),
vec3(-4.7808,-7.75294,-3.87053),
vec3(-4.68216,-6.40453,-4.84249),
vec3(-4.60751,-5.14435,-6.2306),
vec3(-4.47579,-4.18665,-7.59222),
vec3(-4.50705,-3.50236,-6.77565),
vec3(-4.41175,-2.99298,-5.43907),
vec3(-4.34705,-2.59319,-4.48772),
vec3(-4.18091,-2.26607,-3.87253),
vec3(-4.13901,-2.02514,-3.36004),
vec3(-4.05456,-1.8476,-3.01506),
vec3(-3.9567,-1.71313,-2.78137),
vec3(-3.89227,-1.63643,-2.58711),
vec3(-3.82745,-1.60737,-2.48668),
vec3(-3.74651,-1.61746,-2.43398),
vec3(-3.67671,-1.66851,-2.45333),
vec3(-3.60769,-1.76823,-2.47652),
vec3(-3.54264,-1.91863,-2.5489),
vec3(-3.50167,-2.11148,-2.70801),
vec3(-3.43759,-2.37342,-2.8293),
vec3(-3.38956,-2.68646,-3.01597),
vec3(-3.35697,-3.09693,-3.22782),
vec3(-3.30927,-3.59761,-3.46373),
vec3(-3.28517,-4.25162,-3.75257),
vec3(-3.24137,-5.13,-4.04314),
vec3(-3.21028,-6.34889,-4.37561),
vec3(-3.15806,-8.41224,-4.70351),
vec3(-3.17577,-9.95254,-5.13419),
vec3(-3.16117,-7.40649,-5.57262),
vec3(-3.16675,-5.89449,-5.98066),
vec3(-3.17036,-4.92276,-6.35818),
vec3(-3.1335,-4.23539,-6.45598),
vec3(-3.16194,-3.71451,-6.48352),
vec3(-3.13315,-3.30461,-6.1141),
vec3(-3.13909,-2.99222,-5.7549),
vec3(-3.15268,-2.73595,-5.41144),
vec3(-3.15319,-2.53576,-5.12425),
vec3(-3.14217,-2.37221,-4.84264),
vec3(-3.14744,-2.25281,-4.68158),
vec3(-3.11803,-2.15988,-4.55201),
vec3(-3.10917,-2.09984,-4.49308),
vec3(-3.08722,-2.06456,-4.56833),
vec3(-3.08985,-2.0662,-4.71405),
vec3(-3.03845,-2.10154,-4.86883),
vec3(-2.97925,-2.16505,-5.20817),
vec3(-2.9515,-2.26345,-5.61768),
vec3(-2.88232,-2.40864,-6.10624),
vec3(-2.83883,-2.59205,-6.88129),
vec3(-2.77872,-2.80871,-7.59699),
vec3(-2.74884,-3.09842,-7.88076),
vec3(-2.67631,-3.46833,-7.33248),
vec3(-2.60448,-3.93839,-6.54718),
vec3(-2.5699,-4.53391,-5.85964),
vec3(-2.51943,-5.27638,-5.34218),
vec3(-2.46086,-6.30917,-4.91879),
vec3(-2.47658,-7.37566,-4.50232),
vec3(-2.40223,-7.78433,-4.34911),
vec3(-2.37537,-6.74059,-4.16978),
vec3(-2.36267,-5.58001,-4.05741),
vec3(-2.37643,-4.77755,-3.94353),
vec3(-2.3668,-4.17062,-3.92709),
vec3(-2.35894,-3.71723,-3.88465),
vec3(-2.3615,-3.28599,-3.84527),
vec3(-2.38233,-2.99886,-3.79504),
vec3(-2.39661,-2.75637,-3.70868),
vec3(-2.43467,-2.59178,-3.58712),
vec3(-2.42767,-2.4646,-3.4792),
vec3(-2.42461,-2.35862,-3.38784),
vec3(-2.45191,-2.31665,-3.2241),
vec3(-2.49456,-2.32687,-3.0086),
vec3(-2.5245,-2.35564,-2.86786),
vec3(-2.53843,-2.41822,-2.74063),
vec3(-2.5657,-2.52255,-2.57959),
vec3(-2.58362,-2.63894,-2.44708),
vec3(-2.6165,-2.80614,-2.33425),
vec3(-2.65558,-2.99665,-2.24086),
vec3(-2.71351,-3.23877,-2.13545),
vec3(-2.75268,-3.48088,-2.09802),
vec3(-2.84073,-3.80511,-2.05988),
vec3(-2.93301,-4.15374,-2.08637),
vec3(-3.02353,-4.53945,-2.12891),
vec3(-3.1495,-4.99048,-2.24183),
vec3(-3.2947,-5.54242,-2.43834),
vec3(-3.47174,-6.17852,-2.65868),
vec3(-3.64982,-6.96467,-2.99884),
vec3(-3.86549,-7.85912,-3.45132),
vec3(-4.10394,-8.63133,-4.03801),
vec3(-4.31552,-8.67892,-4.86303),
vec3(-4.46752,-7.96239,-5.66955),
vec3(-4.61008,-7.16755,-6.09763),
vec3(-4.6462,-6.50806,-5.37552),
vec3(-4.64985,-5.95276,-4.36705),
vec3(-4.48815,-5.51028,-3.57918),
vec3(-4.30069,-5.13642,-2.85076),
vec3(-4.03325,-4.85472,-2.36998),
vec3(-3.8123,-4.62355,-1.96607),
vec3(-3.5784,-4.44485,-1.65436),
vec3(-3.39147,-4.31102,-1.42051),
vec3(-3.22015,-4.21476,-1.24417),
vec3(-3.06806,-4.14687,-1.11902),
vec3(-2.94972,-4.11168,-1.06755),
vec3(-2.86517,-4.11947,-1.07507),
vec3(-2.81213,-4.12812,-1.09827),
vec3(-2.79842,-4.18497,-1.21482),
vec3(-2.8151,-4.243,-1.34363),
vec3(-2.86489,-4.30792,-1.55561),
vec3(-2.93475,-4.37061,-1.84167),
vec3(-3.04538,-4.4326,-2.1349),
vec3(-3.19986,-4.47909,-2.56343),
vec3(-3.38527,-4.50474,-3.08021),
vec3(-3.60969,-4.52566,-3.71567),
vec3(-3.89281,-4.4972,-4.63348),
vec3(-4.20349,-4.48635,-5.77714),
vec3(-4.62307,-4.50615,-7.31832),
vec3(-5.07825,-4.49781,-7.92906),
vec3(-5.62327,-4.49424,-6.386),
vec3(-6.36499,-4.52922,-5.17589),
vec3(-7.13336,-4.60165,-4.36582),
vec3(-8.13048,-4.75231,-3.77494),
vec3(-8.92145,-4.93157,-3.31178),
vec3(-9.0619,-5.13772,-2.95395),
vec3(-8.57981,-5.45155,-2.68213),
vec3(-7.9422,-5.90305,-2.50235),
vec3(-7.35787,-6.57661,-2.37603),
vec3(-7.00345,-7.50307,-2.3006),
vec3(-6.77884,-8.67443,-2.23742),
vec3(-6.63955,-10.5226,-2.24347),
vec3(-6.65157,-9.89734,-2.2521),
vec3(-6.66122,-7.86378,-2.35835),
vec3(-6.80282,-6.68386,-2.45359),
vec3(-7.01058,-5.80054,-2.59454),
vec3(-7.3131,-5.09648,-2.77646),
vec3(-7.63951,-4.53831,-3.03048),
vec3(-8.07058,-4.07533,-3.30263),
vec3(-8.64166,-3.74209,-3.59317),
vec3(-9.00899,-3.44112,-3.98573),
vec3(-9.39283,-3.18734,-4.37084),
vec3(-9.34939,-2.95977,-4.96146),
vec3(-9.00155,-2.81636,-5.50023),
vec3(-8.79242,-2.66994,-6.20573),
vec3(-8.58809,-2.58197,-6.78267),
vec3(-8.60626,-2.51077,-7.39097),
vec3(-8.50453,-2.47997,-7.41296),
vec3(-8.74724,-2.46248,-6.9478),
vec3(-9.09165,-2.48181,-6.41738),
vec3(-9.2063,-2.53486,-5.94855),
vec3(-9.04411,-2.6018,-5.28618),
vec3(-8.21287,-2.70932,-4.97843),
vec3(-7.35076,-2.82812,-4.5761),
vec3(-6.41986,-2.98432,-4.37625),
vec3(-5.6155,-3.18035,-4.18056),
vec3(-4.96651,-3.38711,-4.01693),
vec3(-4.3673,-3.62236,-3.82674),
vec3(-3.90555,-3.9073,-3.67748),
vec3(-3.41231,-4.15328,-3.60718),
vec3(-3.03043,-4.43808,-3.49334),
vec3(-2.64987,-4.69197,-3.32929),
vec3(-2.37073,-4.86055,-3.24428),
vec3(-2.07857,-4.96379,-3.11202),
vec3(-1.87434,-4.94491,-3.01063),
vec3(-1.67519,-4.84738,-2.88597),
vec3(-1.50286,-4.66602,-2.74306),
vec3(-1.35269,-4.46403,-2.65121),
vec3(-1.25281,-4.27546,-2.48488),
vec3(-1.17328,-4.0946,-2.375),
vec3(-1.11815,-3.94865,-2.22982),
vec3(-1.10022,-3.79124,-2.13017),
vec3(-1.12653,-3.66009,-2.03869),
vec3(-1.17242,-3.59723,-1.96882),
vec3(-1.26288,-3.54081,-1.90484),
vec3(-1.34901,-3.47339,-1.89975),
vec3(-1.47306,-3.47728,-1.88487),
vec3(-1.70672,-3.46518,-1.90515),
vec3(-1.90512,-3.45093,-1.98833),
vec3(-2.18589,-3.45732,-2.12287),
vec3(-2.54899,-3.47128,-2.21792),
vec3(-3.00203,-3.44862,-2.46575),
vec3(-3.45698,-3.43715,-2.70441),
vec3(-4.07257,-3.41485,-3.005),
vec3(-4.90518,-3.36746,-3.41335),
vec3(-5.9484,-3.32459,-3.90791),
vec3(-6.87727,-3.26806,-4.49587),
vec3(-6.53504,-3.19648,-5.1898),
vec3(-5.53996,-3.14536,-6.08788),
vec3(-4.70177,-3.09451,-7.13797),
vec3(-4.00128,-3.05086,-8.07921),
vec3(-3.41203,-3.01397,-8.20034),
vec3(-3.01582,-3.00681,-7.57344),
vec3(-2.67345,-3.03485,-6.72963),
vec3(-2.37978,-3.03475,-6.38118),
vec3(-2.13143,-3.08419,-6.037),
vec3(-2.02257,-3.14899,-5.94783),
vec3(-1.9008,-3.22353,-5.82967),
vec3(-1.83367,-3.35245,-5.76764),
vec3(-1.77026,-3.45492,-5.72354),
vec3(-1.72205,-3.60553,-5.65284),
vec3(-1.75015,-3.72362,-5.60854),
vec3(-1.81953,-3.87006,-5.46193),
vec3(-1.8847,-3.98235,-5.28966),
vec3(-1.94177,-4.09598,-5.10008),
vec3(-2.05955,-4.15227,-4.92154),
vec3(-2.26029,-4.19459,-4.78002),
vec3(-2.41487,-4.22528,-4.65884),
vec3(-2.61673,-4.20814,-4.57015),
vec3(-2.82678,-4.16327,-4.50358),
vec3(-3.05117,-4.11897,-4.46313),
vec3(-3.32177,-4.07911,-4.44404),
vec3(-3.54232,-4.03718,-4.43016),
vec3(-3.83496,-4.02712,-4.441),
vec3(-4.17923,-4.05669,-4.47824),
vec3(-4.36236,-4.08936,-4.5301),
vec3(-4.59819,-4.17575,-4.61578),
vec3(-4.67029,-4.27333,-4.70871),
vec3(-4.79842,-4.4396,-4.88091),
vec3(-4.88095,-4.60996,-5.07347),
vec3(-4.93204,-4.86601,-5.43513),
vec3(-4.79827,-5.13978,-5.90373),
vec3(-4.79251,-5.52817,-6.65338),
vec3(-4.72674,-5.92269,-7.73113),
vec3(-4.71892,-6.38123,-9.2039),
vec3(-4.60045,-6.97384,-9.26791),
vec3(-4.56323,-7.42957,-7.6963),
vec3(-4.47649,-8.05588,-6.16887),
vec3(-4.42096,-8.08324,-5.29303),
vec3(-4.43534,-7.93067,-4.6066),
vec3(-4.36904,-7.6378,-4.00848),
vec3(-4.38492,-7.25013,-3.59618),
vec3(-4.33043,-6.8139,-3.27272),
vec3(-4.26709,-6.53327,-2.99073),
vec3(-4.38463,-6.21985,-2.87193),
vec3(-4.33731,-6.03368,-2.73552),
vec3(-4.43613,-5.85056,-2.69649),
vec3(-4.54092,-5.70992,-2.71677),
vec3(-4.67867,-5.64112,-2.75576),
vec3(-4.72028,-5.53243,-2.86852),
vec3(-4.8221,-5.42119,-3.04015),
vec3(-5.0609,-5.34734,-3.2754),
vec3(-5.15595,-5.26423,-3.52873),
vec3(-5.40481,-5.20607,-3.8677),
vec3(-5.68848,-5.11872,-4.26206),
vec3(-5.86424,-5.07257,-4.68515),
vec3(-5.98052,-5.03059,-5.11859),
vec3(-6.21008,-4.99378,-5.55186),
vec3(-6.19439,-4.92548,-5.84323),
vec3(-6.17787,-4.88929,-5.90707),
vec3(-6.09348,-4.91398,-5.74551),
vec3(-5.93088,-4.897,-5.4291),
vec3(-5.7799,-4.97818,-5.16721),
vec3(-5.60139,-5.06134,-4.87507),
vec3(-5.44686,-5.16561,-4.61457),
vec3(-5.3395,-5.35097,-4.38449),
vec3(-5.25629,-5.55462,-4.11225),
vec3(-5.19654,-5.81144,-3.9425),
vec3(-5.15056,-6.1126,-3.76876),
vec3(-5.16247,-6.4967,-3.60098),
vec3(-5.19407,-6.92378,-3.42944),
vec3(-5.23623,-7.33268,-3.29599),
vec3(-5.324,-7.64081,-3.152),
vec3(-5.38505,-7.636,-3.03179),
vec3(-5.41118,-7.25594,-2.93557),
vec3(-5.4891,-6.7955,-2.80222),
vec3(-5.52585,-6.29105,-2.66758),
vec3(-5.38741,-5.74829,-2.61663),
vec3(-5.15037,-5.26855,-2.58713),
vec3(-5.03096,-4.89905,-2.5642),
vec3(-4.80825,-4.58087,-2.58522),
vec3(-4.63579,-4.30409,-2.63719),
vec3(-4.33232,-4.04857,-2.74349),
vec3(-4.09637,-3.84593,-2.9298),
vec3(-3.88595,-3.69586,-3.17986),
vec3(-3.74011,-3.57097,-3.54102),
vec3(-3.56702,-3.48083,-3.9324),
vec3(-3.38373,-3.4263,-4.55528),
vec3(-3.2702,-3.42135,-5.30018),
vec3(-3.14251,-3.45289,-6.23377),
vec3(-3.10812,-3.525,-7.39817),
vec3(-3.00488,-3.63187,-7.60609),
vec3(-2.96758,-3.79632,-6.64759),
vec3(-2.97821,-4.0336,-5.70855),
vec3(-2.94678,-4.31414,-5.02962),
vec3(-2.9766,-4.69243,-4.51611),
vec3(-3.00454,-5.1323,-4.1237),
vec3(-3.0562,-5.67597,-3.9124),
vec3(-3.10429,-6.25886,-3.78605),
vec3(-3.15907,-6.60807,-3.84356),
vec3(-3.2061,-6.44345,-3.89749),
vec3(-3.27174,-5.85241,-4.10788),
vec3(-3.38154,-5.16658,-4.36549),
vec3(-3.45144,-4.51149,-4.81336),
vec3(-3.55786,-3.95926,-5.36855),
vec3(-3.6433,-3.49259,-6.10306),
vec3(-3.73518,-3.08551,-7.17253),
vec3(-3.83078,-2.754,-8.67891),
vec3(-3.95171,-2.50192,-10.6116),
vec3(-4.04268,-2.25404,-10.0741),
vec3(-4.12326,-2.09255,-8.47417),
vec3(-4.24823,-1.96349,-7.64387),
vec3(-4.36708,-1.86858,-7.19386),
vec3(-4.47375,-1.81038,-6.86903),
vec3(-4.58057,-1.78397,-6.73161),
vec3(-4.59639,-1.82318,-6.57965),
vec3(-4.7623,-1.89391,-6.51599),
vec3(-4.73521,-2.02591,-6.32953),
vec3(-4.81828,-2.17647,-5.97713),
vec3(-4.7737,-2.40189,-5.54324),
vec3(-4.63084,-2.68792,-5.14572),
vec3(-4.6571,-3.07211,-4.68016),
vec3(-4.48756,-3.55762,-4.33153),
vec3(-4.32467,-4.23173,-4.05436),
vec3(-4.15653,-5.12362,-3.7966),
vec3(-3.94894,-6.47364,-3.65967),
vec3(-3.78236,-8.86643,-3.54928),
vec3(-3.60555,-8.67143,-3.52366),
vec3(-3.49327,-6.3384,-3.52476),
vec3(-3.27972,-5.0711,-3.62493),
vec3(-3.17374,-4.17072,-3.77063),
vec3(-3.00358,-3.55198,-3.97281),
vec3(-2.92844,-3.0481,-4.28602),
vec3(-2.77197,-2.68351,-4.63412),
vec3(-2.69455,-2.42014,-5.08737),
vec3(-2.63204,-2.19225,-5.6935),
vec3(-2.53748,-2.06512,-6.38994),
vec3(-2.46053,-1.96074,-7.36897),
vec3(-2.38033,-1.92246,-8.68184),
vec3(-2.38167,-1.94997,-10.0774),
vec3(-2.34943,-2.0068,-9.57665),
vec3(-2.32345,-2.11119,-8.2098),
vec3(-2.34145,-2.31016,-7.182),
vec3(-2.34726,-2.53826,-6.39185),
vec3(-2.39677,-2.84728,-5.81081),
vec3(-2.40551,-3.21661,-5.32589),
vec3(-2.48288,-3.73089,-4.9363),
vec3(-2.59544,-4.35633,-4.62388),
vec3(-2.6309,-5.24614,-4.32985),
vec3(-2.74001,-6.42544,-4.12053),
vec3(-2.86288,-8.20405,-3.9275),
vec3(-3.01313,-9.33864,-3.78643),
vec3(-3.1845,-7.44677,-3.6708),
vec3(-3.35054,-6.11391,-3.55612),
vec3(-3.62705,-5.22405,-3.48982),
vec3(-3.80716,-4.58161,-3.39534),
vec3(-4.08861,-4.13795,-3.32536),
vec3(-4.3109,-3.82671,-3.24968),
vec3(-4.59939,-3.6211,-3.18043),
vec3(-4.88458,-3.48073,-3.1069),
vec3(-5.18457,-3.40511,-3.06622),
vec3(-5.54826,-3.39119,-3.04822),
vec3(-5.77419,-3.44073,-3.02967),
vec3(-6.09446,-3.55206,-3.08162),
vec3(-6.16964,-3.69225,-3.14145),
vec3(-6.26046,-3.87876,-3.26017),
vec3(-6.30639,-4.1167,-3.415),
vec3(-6.32045,-4.39975,-3.67343),
vec3(-6.33331,-4.70144,-4.00666),
vec3(-6.34086,-5.07003,-4.38005),
vec3(-6.33512,-5.40609,-4.75351),
vec3(-6.42054,-5.71499,-5.17097),
vec3(-6.50287,-6.04202,-5.44205),
vec3(-6.65213,-6.14019,-5.33728),
vec3(-6.78348,-6.22866,-5.01178),
vec3(-6.88088,-6.23203,-4.56571),
vec3(-7.04553,-6.16032,-4.12819),
vec3(-7.1109,-6.09281,-3.78499),
vec3(-7.10894,-6.00595,-3.54064),
vec3(-6.99202,-5.93208,-3.33512),
vec3(-6.79688,-5.86833,-3.22428),
vec3(-6.55579,-5.85404,-3.17138),
vec3(-6.27096,-5.78791,-3.20635),
vec3(-5.93157,-5.65108,-3.3081),
vec3(-5.633,-5.64335,-3.48354),
vec3(-5.41781,-5.55376,-3.73115),
vec3(-5.24678,-5.5947,-4.06913),
vec3(-4.91003,-5.43642,-4.52773),
vec3(-4.81006,-5.45395,-5.08421),
vec3(-4.59138,-5.46836,-5.68228),
vec3(-4.53399,-5.54906,-6.31504),
vec3(-4.50311,-5.69859,-6.81239),
vec3(-4.34324,-5.81479,-6.70226),
vec3(-4.36378,-6.09221,-6.29764),
vec3(-4.37215,-6.39011,-5.90781),
vec3(-4.36062,-6.63925,-5.50676),
vec3(-4.37186,-6.76436,-5.20326),
vec3(-4.40865,-6.64736,-4.97528),
vec3(-4.52063,-6.26099,-4.88633),
vec3(-4.61694,-5.7513,-4.8556),
vec3(-4.65098,-5.20094,-4.86023),
vec3(-4.78119,-4.68565,-4.9625),
vec3(-4.92133,-4.23066,-5.13899),
vec3(-5.0525,-3.82615,-5.30606),
vec3(-5.19349,-3.52673,-5.58574),
vec3(-5.31775,-3.2391,-5.91076),
vec3(-5.43282,-3.03521,-6.32597),
vec3(-5.57377,-2.85945,-6.58659),
vec3(-5.60693,-2.72154,-7.0104),
vec3(-5.69119,-2.66028,-7.36904),
vec3(-5.71505,-2.62765,-7.74097),
vec3(-5.61616,-2.65245,-8.08407),
vec3(-5.55735,-2.69586,-8.28712),
vec3(-5.36901,-2.79635,-8.4767),
vec3(-5.17179,-2.96051,-8.58155),
vec3(-4.9159,-3.19329,-8.52963),
vec3(-4.67342,-3.44678,-8.30891),
vec3(-4.46,-3.81204,-8.00837),
vec3(-4.2128,-4.28153,-7.90819),
vec3(-4.03816,-4.87239,-7.39123),
vec3(-3.87874,-5.63932,-7.0433),
vec3(-3.69117,-6.47356,-6.69235),
vec3(-3.52872,-7.35945,-6.49835),
vec3(-3.40012,-7.42158,-6.19683),
vec3(-3.29093,-6.62614,-6.00645),
vec3(-3.21231,-5.79485,-5.7461),
vec3(-3.17614,-5.07123,-5.53407),
vec3(-3.15785,-4.52034,-5.26952),
vec3(-3.15773,-4.10618,-5.05163),
vec3(-3.20438,-3.76461,-4.9016),
vec3(-3.27089,-3.532,-4.70453),
vec3(-3.35947,-3.31459,-4.45202),
vec3(-3.50391,-3.20432,-4.27068),
vec3(-3.71133,-3.12251,-4.08579),
vec3(-3.94628,-3.0918,-3.93034),
vec3(-4.21378,-3.08068,-3.77015),
vec3(-4.56168,-3.13176,-3.69099),
vec3(-4.93254,-3.20705,-3.61216),
vec3(-5.38429,-3.28869,-3.50695),
vec3(-5.77052,-3.46272,-3.56425),
vec3(-6.01934,-3.65587,-3.60205),
vec3(-5.95407,-3.87685,-3.74853),
vec3(-5.63691,-4.11371,-3.91593),
vec3(-5.27012,-4.43771,-4.20566),
vec3(-4.7382,-4.80217,-4.67452),
vec3(-4.33061,-5.15585,-5.22421),
vec3(-3.886,-5.68738,-6.141),
vec3(-3.57412,-6.33631,-7.63375),
vec3(-3.29923,-6.99655,-9.60198),
vec3(-3.06379,-7.73697,-8.06906),
vec3(-2.88264,-8.54148,-6.20615),
vec3(-2.73906,-8.84303,-5.02196),
vec3(-2.61363,-8.39137,-4.19401),
vec3(-2.52765,-7.57249,-3.5457),
vec3(-2.47424,-6.80795,-3.06723),
vec3(-2.47193,-6.16597,-2.69562),
vec3(-2.47254,-5.59557,-2.39263),
vec3(-2.52021,-5.08808,-2.17651),
vec3(-2.61214,-4.71676,-2.03062),
vec3(-2.69905,-4.33335,-1.94383),
vec3(-2.88429,-4.03251,-1.90387),
vec3(-3.06542,-3.78411,-1.95367),
vec3(-3.25483,-3.49804,-2.01529),
vec3(-3.53059,-3.3009,-2.14893),
vec3(-3.80082,-3.05645,-2.32898),
vec3(-4.20655,-2.88604,-2.59767),
vec3(-4.67081,-2.7653,-2.9584),
vec3(-5.12906,-2.64535,-3.38173),
vec3(-5.78794,-2.54869,-3.89869),
vec3(-6.37558,-2.49179,-4.55623),
vec3(-7.10829,-2.43649,-5.32061),
vec3(-7.88755,-2.45148,-6.3035),
vec3(-8.53562,-2.48859,-7.13885),
vec3(-8.54532,-2.52909,-7.03252),
vec3(-8.13457,-2.64148,-6.34397),
vec3(-7.65721,-2.78943,-5.67129),
vec3(-7.12066,-2.98027,-5.0013),
vec3(-6.8918,-3.22648,-4.55094),
vec3(-6.63483,-3.55678,-4.24006),
vec3(-6.48238,-3.9664,-3.92017),
vec3(-6.28779,-4.4677,-3.71427),
vec3(-6.3278,-5.13864,-3.58762),
vec3(-6.3295,-5.93449,-3.49732),
vec3(-6.39091,-6.91579,-3.42055),
vec3(-6.47337,-7.70329,-3.39806),
vec3(-6.53953,-7.25068,-3.36351),
vec3(-6.62026,-6.24786,-3.35716),
vec3(-6.70563,-5.38332,-3.39148),
vec3(-6.79211,-4.70819,-3.43325),
vec3(-6.78662,-4.21125,-3.47896),
vec3(-6.80729,-3.81633,-3.57378),
vec3(-6.78165,-3.52314,-3.65953),
vec3(-6.80187,-3.31239,-3.81635),
vec3(-6.84772,-3.1296,-3.97607),
vec3(-6.94994,-3.04549,-4.19786),
vec3(-7.05919,-3.03488,-4.45913),
vec3(-7.28617,-3.02305,-4.7562),
vec3(-7.5853,-3.09845,-5.11347),
vec3(-8.07148,-3.23714,-5.67642),
vec3(-8.49111,-3.4453,-6.30776),
vec3(-9.13023,-3.68826,-7.08897),
vec3(-9.46646,-4.03391,-8.37257),
vec3(-8.75771,-4.4343,-10.8821),
vec3(-7.98488,-4.92902,-10.1996),
vec3(-7.04151,-5.57429,-8.35128),
vec3(-6.29908,-6.29624,-6.94999),
vec3(-5.62323,-6.98664,-5.95576),
vec3(-5.06145,-7.21507,-5.1871),
vec3(-4.64433,-6.83074,-4.65628),
vec3(-4.19694,-6.19747,-4.12609),
vec3(-3.86164,-5.5201,-3.76064),
vec3(-3.54165,-5.03449,-3.41193),
vec3(-3.3144,-4.62514,-3.14775),
vec3(-3.11182,-4.32673,-2.92327),
vec3(-2.93132,-4.09618,-2.731),
vec3(-2.78101,-3.9302,-2.56212),
vec3(-2.66233,-3.83674,-2.45042),
vec3(-2.57977,-3.77974,-2.35351),
vec3(-2.52378,-3.73243,-2.31292),
vec3(-2.49906,-3.72856,-2.27307),
vec3(-2.49067,-3.78586,-2.30043),
vec3(-2.50019,-3.83491,-2.33017),
vec3(-2.56163,-3.92944,-2.40454),
vec3(-2.63154,-4.03767,-2.54169),
vec3(-2.75077,-4.13044,-2.71443),
vec3(-2.88533,-4.25335,-2.91401),
vec3(-3.06169,-4.39411,-3.19353),
vec3(-3.2704,-4.51004,-3.53672),
vec3(-3.44684,-4.58924,-3.7991),
vec3(-3.7507,-4.71535,-4.29155),
vec3(-4.05111,-4.83739,-4.77446),
vec3(-4.32022,-4.96426,-5.44463),
vec3(-4.62486,-5.12208,-6.13241),
vec3(-4.91368,-5.29311,-6.92127),
vec3(-5.19161,-5.51564,-7.57775),
vec3(-5.30185,-5.7647,-7.76332),
vec3(-5.32349,-6.09155,-7.36665),
vec3(-5.20517,-6.48714,-6.85828),
vec3(-5.04893,-6.94857,-6.42812),
vec3(-4.84102,-7.60351,-6.13721),
vec3(-4.64764,-8.27971,-5.83825),
vec3(-4.46032,-9.09666,-5.69041),
vec3(-4.3047,-9.63707,-5.66466),
vec3(-4.1858,-9.36085,-5.66871),
vec3(-4.07669,-8.59551,-5.72903),
vec3(-4.02646,-7.92662,-5.89416),
vec3(-3.99145,-7.26956,-5.96426),
vec3(-3.97008,-6.80512,-6.05379),
vec3(-4.00383,-6.42261,-6.20231),
vec3(-4.04195,-6.07951,-6.2955),
vec3(-4.1261,-5.83347,-6.35348),
vec3(-4.23225,-5.58891,-6.24466),
vec3(-4.37955,-5.40209,-6.28916),
vec3(-4.54507,-5.19565,-6.05159),
vec3(-4.73675,-5.02763,-5.8687),
vec3(-4.95066,-4.83478,-5.7531),
vec3(-5.20549,-4.67929,-5.43591),
vec3(-5.52424,-4.5225,-5.18317),
vec3(-5.86157,-4.32199,-4.81172),
vec3(-6.22034,-4.15993,-4.50057),
vec3(-6.64215,-4.01884,-4.21664),
vec3(-7.07343,-3.8654,-3.90438),
vec3(-7.60619,-3.76391,-3.65027),
vec3(-8.01821,-3.64754,-3.42159),
vec3(-8.28019,-3.5767,-3.25569),
vec3(-8.44911,-3.54707,-3.08049),
vec3(-8.37576,-3.50717,-2.9621),
vec3(-7.89396,-3.50686,-2.90834),
vec3(-7.56626,-3.54319,-2.86486),
vec3(-7.16012,-3.61147,-2.91158),
vec3(-6.6652,-3.70942,-3.00295),
vec3(-6.31765,-3.89592,-3.17957),
vec3(-6.10822,-4.06015,-3.36585),
vec3(-5.8272,-4.32106,-3.62872),
vec3(-5.6199,-4.65143,-3.98127),
vec3(-5.43515,-5.05216,-4.39502),
vec3(-5.29135,-5.60821,-4.86293),
vec3(-5.09745,-6.26057,-5.32561),
vec3(-5.01517,-7.03774,-5.57379),
vec3(-4.8902,-8.06007,-5.53896),
vec3(-4.90272,-8.99243,-5.29479),
vec3(-4.85172,-8.44762,-4.90142),
vec3(-4.80767,-7.34386,-4.49585),
vec3(-4.71062,-6.51244,-4.12131),
vec3(-4.75182,-5.75697,-3.88046),
vec3(-4.71948,-5.19455,-3.65024),
vec3(-4.80552,-4.75391,-3.54029),
vec3(-4.90405,-4.38842,-3.48335),
vec3(-4.89476,-4.11343,-3.4079),
vec3(-5.07653,-3.89153,-3.44433),
vec3(-5.06558,-3.73244,-3.42443),
vec3(-5.15172,-3.57763,-3.45811),
vec3(-5.30428,-3.50298,-3.51013),
vec3(-5.38463,-3.46494,-3.56193),
vec3(-5.44924,-3.4524,-3.57937),
vec3(-5.6037,-3.43929,-3.61045),
vec3(-5.68275,-3.51993,-3.63856),
vec3(-5.75059,-3.59256,-3.67036),
vec3(-5.79093,-3.73809,-3.7113),
vec3(-5.87895,-3.92157,-3.78751),
vec3(-5.93945,-4.13364,-3.88012),
vec3(-5.98166,-4.43004,-3.99096),
vec3(-6.01022,-4.72043,-4.13111),
vec3(-6.07268,-5.14624,-4.30599),
vec3(-6.11151,-5.55334,-4.44722),
vec3(-6.20272,-6.06677,-4.59603),
vec3(-6.27887,-6.49404,-4.64207),
vec3(-6.41007,-6.79305,-4.77122),
vec3(-6.5333,-6.71001,-4.71508),
vec3(-6.68454,-6.31734,-4.67863),
vec3(-6.94721,-5.8218,-4.68899),
vec3(-7.21123,-5.2733,-4.6233),
vec3(-7.52623,-4.87137,-4.69607),
vec3(-7.95404,-4.46871,-4.79574),
vec3(-8.39194,-4.12296,-4.8283),
vec3(-8.83211,-3.8358,-4.92012),
vec3(-9.4771,-3.64334,-4.99315),
vec3(-9.22909,-3.39049,-4.84144),
vec3(-9.43253,-3.29333,-4.64311),
vec3(-8.6585,-3.15651,-4.26875),
vec3(-8.24656,-3.07447,-3.88323),
vec3(-7.48512,-3.03477,-3.48884),
vec3(-6.80832,-2.98289,-3.16247),
vec3(-6.44336,-2.98333,-2.85295),
vec3(-6.00859,-3.01294,-2.62672),
vec3(-5.60113,-3.04535,-2.4625),
vec3(-5.31397,-3.13247,-2.36615),
vec3(-4.86964,-3.17589,-2.34503),
vec3(-4.61172,-3.26629,-2.3848),
vec3(-4.39232,-3.40139,-2.49357),
vec3(-4.10202,-3.48777,-2.70159),
vec3(-3.87935,-3.59972,-3.02862),
vec3(-3.73376,-3.72931,-3.43853),
vec3(-3.49087,-3.77083,-4.07583),
vec3(-3.36501,-3.85497,-4.85604),
vec3(-3.20844,-3.91133,-6.12622),
vec3(-3.06706,-3.94213,-7.92986),
vec3(-2.97078,-3.98894,-7.91022),
vec3(-2.89256,-4.01838,-6.15814),
vec3(-2.77398,-4.01716,-4.88208),
vec3(-2.72765,-4.0411,-4.17463),
vec3(-2.58732,-4.05819,-3.55076),
vec3(-2.59961,-4.10976,-3.18944),
vec3(-2.55067,-4.16366,-2.89039),
vec3(-2.51243,-4.25873,-2.72622),
vec3(-2.55168,-4.37463,-2.62873),
vec3(-2.58661,-4.52134,-2.62297),
vec3(-2.63547,-4.67517,-2.69101),
vec3(-2.67101,-4.86025,-2.79192),
vec3(-2.78648,-5.04186,-3.0037),
vec3(-2.89885,-5.25217,-3.25489),
vec3(-3.05707,-5.36333,-3.57226),
vec3(-3.21533,-5.47701,-3.97342),
vec3(-3.46458,-5.49265,-4.46155),
vec3(-3.72288,-5.3699,-5.03029),
vec3(-3.9476,-5.25569,-5.60568),
vec3(-4.36836,-5.02177,-6.3762),
vec3(-4.84677,-4.79149,-7.22839),
vec3(-5.3761,-4.58238,-8.26429),
vec3(-5.94553,-4.40613,-9.42554),
vec3(-6.76544,-4.23398,-10.9371),
vec3(-7.35914,-4.0913,-12.6774),
vec3(-7.33258,-3.99162,-12.4899),
vec3(-6.76348,-3.88701,-10.9593),
vec3(-5.89865,-3.83884,-9.74301),
vec3(-5.29875,-3.8478,-8.54086),
vec3(-4.6901,-3.87242,-7.83962),
vec3(-4.23792,-3.96541,-7.1749),
vec3(-3.83598,-4.07286,-6.66526),
vec3(-3.52283,-4.23507,-6.28015),
vec3(-3.26432,-4.46036,-5.97795),
vec3(-3.01866,-4.74554,-5.77179),
vec3(-2.86657,-5.12922,-5.5663),
vec3(-2.72288,-5.57652,-5.49527),
vec3(-2.6205,-6.17371,-5.43188),
vec3(-2.55799,-6.99323,-5.36418),
vec3(-2.5092,-8.17895,-5.41157),
vec3(-2.4747,-10.0539,-5.5053),
vec3(-2.52632,-11.7084,-5.62429),
vec3(-2.58037,-9.04647,-5.71445),
vec3(-2.65469,-7.63421,-5.95009),
vec3(-2.75361,-6.67326,-6.06376),
vec3(-2.91515,-5.93626,-6.31964),
vec3(-3.12524,-5.38751,-6.36905),
vec3(-3.34918,-4.98503,-6.48231),
vec3(-3.59926,-4.69346,-6.72581),
vec3(-3.94453,-4.43284,-6.84495),
vec3(-4.26318,-4.27957,-7.14263),
vec3(-4.79241,-4.14922,-7.29974),
vec3(-5.36624,-4.08674,-7.57779),
vec3(-6.01254,-4.07032,-7.91692),
vec3(-6.88142,-4.09137,-8.38596),
vec3(-8.24144,-4.16747,-8.79845),
vec3(-9.92535,-4.30127,-9.00421),
vec3(-11.0653,-4.49231,-8.75392),
vec3(-9.307,-4.7452,-7.8211),
vec3(-8.15826,-5.05887,-6.92588),
vec3(-7.23664,-5.40502,-6.28582),
vec3(-6.65565,-5.80064,-5.64165),
vec3(-6.26171,-6.23218,-5.11476),
vec3(-6.02474,-6.53445,-4.68723),
vec3(-5.93383,-6.66638,-4.26592),
vec3(-5.81408,-6.46879,-3.95633),
vec3(-5.93448,-6.08221,-3.67991),
vec3(-5.903,-5.6303,-3.49903),
vec3(-6.15347,-5.21942,-3.36168),
vec3(-6.43655,-4.84101,-3.27385),
vec3(-6.84931,-4.51495,-3.23291),
vec3(-7.42703,-4.26736,-3.25174),
vec3(-8.21538,-4.03767,-3.33126),
vec3(-9.0798,-3.88065,-3.48542),
vec3(-10.0557,-3.78295,-3.74172),
vec3(-9.99319,-3.70183,-4.0463),
vec3(-8.46441,-3.628,-4.39882),
vec3(-7.50108,-3.62813,-4.92835),
vec3(-6.70627,-3.62257,-5.61425),
vec3(-6.24651,-3.69246,-6.66954),
vec3(-5.73237,-3.75078,-8.1778),
vec3(-5.27232,-3.81282,-10.5487),
vec3(-5.02878,-3.94495,-9.67831),
vec3(-4.71039,-4.02481,-7.67699),
vec3(-4.42552,-4.10622,-6.53992),
vec3(-4.26622,-4.199,-5.7437),
vec3(-4.19044,-4.29069,-5.17257),
vec3(-4.05674,-4.32585,-4.77164),
vec3(-3.91805,-4.35257,-4.48204),
vec3(-3.89604,-4.36322,-4.26609),
vec3(-3.83789,-4.35369,-4.10494),
vec3(-3.81319,-4.33345,-3.9942),
vec3(-3.77376,-4.31617,-3.93312),
vec3(-3.73906,-4.28487,-3.88341),
vec3(-3.77404,-4.28519,-3.88992),
vec3(-3.78108,-4.29978,-3.92685),
vec3(-3.78916,-4.35201,-4.00434),
vec3(-3.79698,-4.40184,-4.09053),
vec3(-3.85997,-4.4803,-4.23225),
vec3(-3.87053,-4.61015,-4.38078),
vec3(-3.92925,-4.73553,-4.59507),
vec3(-4.05161,-4.86222,-4.88593),
vec3(-4.13034,-4.99965,-5.19169),
vec3(-4.20561,-5.15494,-5.51438),
vec3(-4.38934,-5.22888,-5.98502),
vec3(-4.59625,-5.23846,-6.56923),
vec3(-4.8122,-5.18707,-7.25741),
vec3(-5.04897,-5.107,-8.01678),
vec3(-5.38148,-4.9259,-9.22748),
vec3(-5.59429,-4.7511,-10.4311),
vec3(-5.85618,-4.55911,-11.6686),
vec3(-5.8749,-4.35574,-10.5634),
vec3(-5.88247,-4.18988,-9.23606),
vec3(-5.57682,-4.01926,-8.10231),
vec3(-5.24253,-3.89518,-7.2579),
vec3(-4.85406,-3.79584,-6.54903),
vec3(-4.46046,-3.73551,-5.89456),
vec3(-4.17328,-3.70666,-5.44994),
vec3(-3.79384,-3.70801,-4.93637),
vec3(-3.51022,-3.73974,-4.54453),
vec3(-3.2792,-3.82699,-4.23021),
vec3(-3.09145,-3.95202,-3.9643),
vec3(-2.90155,-4.10203,-3.75281),
vec3(-2.75916,-4.30386,-3.56576),
vec3(-2.6581,-4.55763,-3.44071),
vec3(-2.58927,-4.86976,-3.37666),
vec3(-2.56076,-5.2393,-3.38642),
vec3(-2.56383,-5.62941,-3.4251),
vec3(-2.58936,-5.99498,-3.52532),
vec3(-2.64877,-6.30496,-3.69055),
vec3(-2.77229,-6.42812,-3.93197),
vec3(-2.89755,-6.29097,-4.22442),
vec3(-3.09471,-5.98577,-4.61012),
vec3(-3.33513,-5.6076,-5.12177),
vec3(-3.61138,-5.18822,-5.7103),
vec3(-3.98973,-4.85065,-6.51717),
vec3(-4.44949,-4.57083,-7.49275),
vec3(-5.04426,-4.33533,-8.38778),
vec3(-5.75105,-4.14008,-8.49311),
vec3(-6.67897,-4.00125,-7.53871),
vec3(-7.63598,-3.92263,-6.91217),
vec3(-8.16021,-3.87755,-6.31854),
vec3(-7.24382,-3.90161,-5.76405),
vec3(-6.27919,-3.95178,-5.43428),
vec3(-5.4703,-4.06127,-5.20316),
vec3(-4.87462,-4.22495,-5.05456),
vec3(-4.36367,-4.45326,-4.94169),
vec3(-3.97739,-4.74788,-4.89782),
vec3(-3.66614,-5.12648,-4.91391),
vec3(-3.42834,-5.6046,-4.96325),
vec3(-3.23816,-6.26376,-5.07395),
vec3(-3.07557,-7.1255,-5.19674),
vec3(-2.97449,-8.40241,-5.35021),
vec3(-2.90246,-9.98952,-5.5692),
vec3(-2.84891,-10.0698,-5.6985),
vec3(-2.84267,-8.30884,-5.88638),
vec3(-2.82961,-7.09357,-6.05096),
vec3(-2.89595,-6.29769,-6.19398),
vec3(-2.92839,-5.6975,-6.26502),
vec3(-3.02198,-5.25414,-6.36147),
vec3(-3.13999,-4.92179,-6.42672),
vec3(-3.24287,-4.65632,-6.56768),
vec3(-3.3929,-4.48355,-6.5995),
vec3(-3.50861,-4.37822,-6.82738),
vec3(-3.70087,-4.31896,-6.97583),
vec3(-3.88402,-4.3293,-7.3589),
vec3(-4.15096,-4.41974,-7.72325),
vec3(-4.259,-4.54685,-8.14271),
vec3(-4.39576,-4.74268,-8.48534),
vec3(-4.59784,-4.99461,-8.97263),
vec3(-4.79754,-5.37738,-9.14153),
vec3(-4.91057,-5.87098,-9.03238),
vec3(-5.03429,-6.49536,-8.80779),
vec3(-5.21468,-7.34474,-8.59918),
vec3(-5.21136,-8.67071,-8.42344),
vec3(-5.30961,-10.3304,-8.30762),
vec3(-5.48409,-10.1549,-8.2735),
vec3(-5.40065,-8.5526,-8.25408),
vec3(-5.39281,-7.35427,-8.23937),
vec3(-5.37111,-6.56329,-8.10988),
vec3(-5.41369,-5.99322,-7.88414),
vec3(-5.35636,-5.55777,-7.44286),
vec3(-5.27498,-5.24415,-7.21157),
vec3(-5.28633,-5.01973,-6.76269),
vec3(-5.21708,-4.89765,-6.46013),
vec3(-5.15457,-4.84599,-6.37158),
vec3(-5.12376,-4.85141,-6.21419),
vec3(-5.12067,-4.92685,-6.2597),
vec3(-5.15365,-5.06259,-6.37292),
vec3(-5.16457,-5.28685,-6.70916),
vec3(-5.24821,-5.6169,-7.19273),
vec3(-5.36215,-6.01765,-7.77843),
vec3(-5.42732,-6.55392,-7.88554),
vec3(-5.60959,-7.22722,-7.13021),
vec3(-5.78471,-7.96511,-6.09371),
vec3(-6.0886,-8.58646,-5.16208),
vec3(-6.37074,-8.39289,-4.39113),
vec3(-6.69238,-7.78505,-3.76379),
vec3(-6.99832,-7.03755,-3.28655),
vec3(-7.20732,-6.40384,-2.82674),
vec3(-7.21726,-5.8988,-2.50303),
vec3(-7.05274,-5.54457,-2.24051),
vec3(-6.77015,-5.25097,-2.05308),
vec3(-6.4364,-5.08637,-1.93011),
vec3(-6.00968,-4.9528,-1.84732),
vec3(-5.66402,-4.88513,-1.82698),
vec3(-5.29317,-4.88186,-1.88722),
vec3(-5.02812,-4.96538,-2.02661),
vec3(-4.74209,-5.09639,-2.19635),
vec3(-4.5469,-5.28145,-2.46638),
vec3(-4.36369,-5.54383,-2.85143),
vec3(-4.24897,-5.9158,-3.33402),
vec3(-4.09936,-6.31364,-3.934),
vec3(-4.01435,-6.88424,-4.83909),
vec3(-3.95993,-7.67404,-6.16771),
vec3(-3.9372,-8.53273,-8.27927),
vec3(-3.89964,-9.50509,-8.95958),
vec3(-3.93318,-10.0048,-6.6721),
vec3(-3.9405,-9.64818,-5.40603),
vec3(-3.97015,-8.88017,-4.54488),
vec3(-4.01117,-8.19196,-4.01054),
vec3(-4.05519,-7.72972,-3.62288),
vec3(-4.08684,-7.44025,-3.3315),
vec3(-4.12577,-7.20069,-3.14553),
vec3(-4.15977,-7.14067,-3.07206),
vec3(-4.18517,-7.03917,-3.00769),
vec3(-4.24036,-7.15999,-3.05375),
vec3(-4.25368,-7.27783,-3.13312),
vec3(-4.28912,-7.50353,-3.24353),
vec3(-4.31765,-7.70488,-3.41166),
vec3(-4.37793,-7.81995,-3.61061),
vec3(-4.39736,-7.90902,-3.8391),
vec3(-4.48224,-7.77391,-4.09249),
vec3(-4.54538,-7.56905,-4.3747),
vec3(-4.6453,-7.1903,-4.66598),
vec3(-4.78567,-6.74241,-4.97211),
vec3(-4.92162,-6.37613,-5.28027),
vec3(-5.14469,-6.01825,-5.65618),
vec3(-5.34662,-5.71764,-6.04191),
vec3(-5.55592,-5.45856,-6.43747),
vec3(-5.76705,-5.21522,-6.89491),
vec3(-5.90003,-5.0752,-7.52335),
vec3(-6.00928,-4.90741,-8.05204),
vec3(-5.99515,-4.73976,-8.42072),
vec3(-5.90522,-4.63244,-8.46947),
vec3(-5.64495,-4.56401,-8.02826),
vec3(-5.38534,-4.48018,-7.53158),
vec3(-5.11224,-4.43768,-7.04909),
vec3(-4.81792,-4.43054,-6.61356),
vec3(-4.53271,-4.39607,-6.22212),
vec3(-4.31281,-4.40894,-5.93392),
vec3(-4.10041,-4.42015,-5.69526),
vec3(-3.93954,-4.47299,-5.50272),
vec3(-3.7603,-4.48727,-5.35549),
vec3(-3.64567,-4.56948,-5.25805),
vec3(-3.566,-4.62858,-5.20402),
vec3(-3.49115,-4.65053,-5.16559),
vec3(-3.41612,-4.65795,-5.18561),
vec3(-3.40971,-4.66387,-5.24389),
vec3(-3.39938,-4.61066,-5.33151),
vec3(-3.44216,-4.5451,-5.49417),
vec3(-3.48523,-4.41661,-5.66646),
vec3(-3.57027,-4.26112,-5.89725),
vec3(-3.65861,-4.09765,-6.20573),
vec3(-3.80387,-3.94302,-6.5968),
vec3(-3.92769,-3.75908,-6.98957),
vec3(-4.10193,-3.61037,-7.42702),
vec3(-4.32341,-3.48523,-7.95773),
vec3(-4.4888,-3.36632,-8.01634),
vec3(-4.68705,-3.28233,-7.87287),
vec3(-4.97182,-3.237,-7.66466),
vec3(-5.22064,-3.22168,-7.392),
vec3(-5.53878,-3.25347,-6.80208),
vec3(-5.68721,-3.32134,-6.36443),
vec3(-5.98142,-3.44162,-6.04391),
vec3(-6.12,-3.59034,-5.68619),
vec3(-6.27348,-3.82046,-5.54372),
vec3(-6.33265,-4.13278,-5.38585),
vec3(-6.39685,-4.52224,-5.25551),
vec3(-6.29398,-5.04612,-5.20273),
vec3(-6.1644,-5.73817,-5.20056),
vec3(-6.0331,-6.69374,-5.26501),
vec3(-5.87424,-8.24653,-5.3914),
vec3(-5.67457,-10.338,-5.38861),
vec3(-5.53462,-8.93137,-5.8321),
vec3(-5.36293,-7.08353,-6.1415),
vec3(-5.19939,-5.91644,-6.70303),
vec3(-5.0344,-5.0966,-7.37962),
vec3(-4.90117,-4.47215,-8.49002),
vec3(-4.77151,-3.98326,-9.37885),
vec3(-4.75643,-3.62058,-8.47096),
vec3(-4.64645,-3.30641,-7.2059),
vec3(-4.56982,-3.05079,-6.12776),
vec3(-4.59179,-2.88515,-5.38638),
vec3(-4.57755,-2.72289,-4.68508),
vec3(-4.56043,-2.62201,-4.26732),
vec3(-4.60728,-2.55018,-3.82903),
vec3(-4.64442,-2.51019,-3.50894),
vec3(-4.73131,-2.49124,-3.20877),
vec3(-4.81155,-2.51692,-2.98028),
vec3(-4.86217,-2.54561,-2.83655),
vec3(-5.00378,-2.62987,-2.70326),
vec3(-5.12473,-2.72412,-2.63325),
vec3(-5.21636,-2.8802,-2.64821),
vec3(-5.32654,-3.03547,-2.61308),
vec3(-5.42992,-3.25145,-2.625),
vec3(-5.50285,-3.49447,-2.69673),
vec3(-5.55079,-3.79369,-2.81489),
vec3(-5.5954,-4.153,-2.96107),
vec3(-5.52804,-4.57313,-3.09919),
vec3(-5.58369,-5.07254,-3.43427),
vec3(-5.54423,-5.62113,-3.7058),
vec3(-5.46681,-6.16029,-4.01696),
vec3(-5.36789,-6.62439,-4.33049),
vec3(-5.36189,-6.6193,-4.8778),
vec3(-5.32359,-6.15834,-5.42793),
vec3(-5.26055,-5.55154,-6.06929),
vec3(-5.31425,-4.99426,-7.146),
vec3(-5.37022,-4.48998,-8.59228),
vec3(-5.42846,-4.09805,-10.8663),
vec3(-5.49741,-3.75151,-11.0796),
vec3(-5.54772,-3.43849,-9.08355),
vec3(-5.76768,-3.1928,-7.36651),
vec3(-5.9446,-3.0227,-6.64189),
vec3(-6.09794,-2.87612,-6.03978),
vec3(-6.42309,-2.7602,-5.49539),
vec3(-6.51134,-2.67685,-5.19281),
vec3(-6.77471,-2.62238,-4.81578),
vec3(-6.84191,-2.62312,-4.6307),
vec3(-6.78127,-2.65189,-4.48221),
vec3(-6.70697,-2.69909,-4.31635),
vec3(-6.16831,-2.79194,-4.29568),
vec3(-5.89722,-2.8871,-4.21654),
vec3(-5.50926,-3.0468,-4.20455),
vec3(-5.12222,-3.20141,-4.22945),
vec3(-4.75464,-3.41841,-4.37532),
vec3(-4.42018,-3.67287,-4.39283),
vec3(-4.15952,-3.9855,-4.51019),
vec3(-3.86278,-4.34319,-4.63845),
vec3(-3.65451,-4.79275,-4.75831),
vec3(-3.41758,-5.31009,-4.86739),
vec3(-3.23468,-5.94864,-4.94439),
vec3(-3.06131,-6.78272,-4.93469),
vec3(-2.90667,-7.91537,-4.89684),
vec3(-2.75058,-9.97646,-4.74513),
vec3(-2.68337,-11.8052,-4.60711),
vec3(-2.57003,-9.57813,-4.34082),
vec3(-2.52447,-7.89143,-4.13083),
vec3(-2.45641,-6.86469,-3.88041),
vec3(-2.45767,-6.10061,-3.71274),
vec3(-2.43474,-5.5329,-3.51781),
vec3(-2.43069,-5.06728,-3.30746),
vec3(-2.45985,-4.72435,-3.14098),
vec3(-2.49176,-4.39971,-2.99589),
vec3(-2.53438,-4.1034,-2.87873),
vec3(-2.62804,-3.88714,-2.78696),
vec3(-2.77285,-3.70604,-2.77903),
vec3(-2.87279,-3.5242,-2.717),
vec3(-2.99862,-3.38778,-2.71379),
vec3(-3.12407,-3.25383,-2.74004),
vec3(-3.33871,-3.15827,-2.82648),
vec3(-3.46728,-3.07003,-2.90672),
vec3(-3.63495,-3.00226,-3.04864),
vec3(-3.72713,-2.93941,-3.17632),
vec3(-3.75771,-2.90264,-3.35949),
vec3(-3.81425,-2.88654,-3.58367),
vec3(-3.85127,-2.89352,-3.89937),
vec3(-3.81502,-2.92202,-4.22789),
vec3(-3.74431,-2.97751,-4.61769),
vec3(-3.61784,-3.04119,-5.07116),
vec3(-3.5332,-3.17464,-5.65874),
vec3(-3.44102,-3.31791,-6.3751),
vec3(-3.32457,-3.50307,-7.18668),
vec3(-3.23361,-3.76863,-8.14556),
vec3(-3.18343,-4.06491,-9.49708),
vec3(-3.13551,-4.46745,-10.7106),
vec3(-3.12628,-4.97926,-10.0302),
vec3(-3.13673,-5.66533,-8.78444),
vec3(-3.15262,-6.59841,-8.14622),
vec3(-3.23303,-8.0697,-7.57121),
vec3(-3.34813,-9.92763,-7.06222),
vec3(-3.47285,-8.78281,-6.61173),
vec3(-3.63468,-7.03635,-6.48832),
vec3(-3.8403,-5.82322,-6.19775),
vec3(-4.05593,-5.02138,-5.98869),
vec3(-4.35662,-4.40248,-6.05965),
vec3(-4.69535,-3.91635,-5.86495),
vec3(-5.07736,-3.54897,-5.80784),
vec3(-5.54194,-3.25695,-5.67798),
vec3(-5.96193,-3.04066,-5.79053),
vec3(-6.58282,-2.83799,-5.71634),
vec3(-7.13547,-2.7099,-5.78291),
vec3(-7.55907,-2.62684,-5.87054),
vec3(-7.8549,-2.57145,-5.86901),
vec3(-8.01329,-2.57921,-5.88552),
vec3(-7.8129,-2.60508,-5.85584),
vec3(-7.44682,-2.67469,-5.83027),
vec3(-7.29087,-2.7892,-5.76044),
vec3(-7.12551,-2.92323,-5.62366),
vec3(-6.9701,-3.10197,-5.50266),
vec3(-6.88257,-3.32109,-5.26243),
vec3(-6.8854,-3.55879,-5.07394),
vec3(-7.03675,-3.856,-4.81501),
vec3(-7.05249,-4.21445,-4.69365),
vec3(-7.22991,-4.58783,-4.44784),
vec3(-7.35945,-4.94684,-4.28567),
vec3(-7.36031,-5.33688,-4.13263),
vec3(-7.49155,-5.70332,-4.03929),
vec3(-7.17357,-6.02817,-3.90807),
vec3(-6.93656,-6.23765,-3.83912),
vec3(-6.65592,-6.35697,-3.78966),
vec3(-6.40841,-6.3814,-3.80687),
vec3(-6.17893,-6.37489,-3.86969),
vec3(-5.90215,-6.29041,-3.95538),
vec3(-5.67684,-6.23666,-4.09243),
vec3(-5.54126,-6.143,-4.26752),
vec3(-5.35648,-6.09227,-4.47879),
vec3(-5.24068,-6.07871,-4.76347),
vec3(-5.18791,-5.90912,-5.19599),
vec3(-5.13072,-5.82432,-5.55876),
vec3(-5.09904,-5.63478,-6.14517),
vec3(-5.09896,-5.44405,-6.82606),
vec3(-5.0448,-5.25044,-7.62502),
vec3(-5.0943,-5.06583,-8.64697),
vec3(-5.09402,-4.87982,-9.86748),
vec3(-5.00928,-4.66973,-10.7532),
vec3(-4.9327,-4.50239,-10.1965),
vec3(-4.85447,-4.37093,-9.35182),
vec3(-4.77478,-4.24428,-8.24114),
vec3(-4.57601,-4.10128,-7.74159),
vec3(-4.44252,-4.04027,-7.32253),
vec3(-4.27617,-3.9564,-6.9333),
vec3(-4.10656,-3.88651,-6.64381),
vec3(-3.97518,-3.85871,-6.22872),
vec3(-3.86796,-3.80684,-5.94233),
vec3(-3.78892,-3.78787,-5.63945),
vec3(-3.72473,-3.75595,-5.343),
vec3(-3.76207,-3.76308,-5.08734),
vec3(-3.77566,-3.75105,-4.7861),
vec3(-3.84235,-3.7614,-4.52598),
vec3(-3.98154,-3.78138,-4.27133),
vec3(-4.17183,-3.81263,-4.06936),
vec3(-4.39724,-3.84495,-3.83222),
vec3(-4.78485,-3.93404,-3.68899),
vec3(-5.22657,-3.99787,-3.54109),
vec3(-5.78778,-4.11454,-3.39988),
vec3(-6.78914,-4.25199,-3.34715),
vec3(-7.99118,-4.36184,-3.27249),
vec3(-8.97685,-4.52247,-3.27414),
vec3(-7.83106,-4.65179,-3.33603),
vec3(-6.61654,-4.78196,-3.40643),
vec3(-5.47577,-4.78626,-3.56558),
vec3(-4.72431,-4.75732,-3.76149),
vec3(-4.05268,-4.59205,-4.08173),
vec3(-3.47816,-4.36931,-4.55461),
vec3(-3.12468,-4.121,-5.09267),
vec3(-2.77117,-3.85713,-5.85958),
vec3(-2.45288,-3.57816,-6.86799),
vec3(-2.2304,-3.34687,-7.63535),
vec3(-2.01479,-3.11951,-6.8924),
vec3(-1.86764,-2.92024,-5.75185),
vec3(-1.74746,-2.76883,-4.83618),
vec3(-1.62628,-2.65546,-4.07265),
vec3(-1.56927,-2.57087,-3.52452),
vec3(-1.57017,-2.52609,-3.10108),
vec3(-1.54156,-2.52595,-2.75444),
vec3(-1.56189,-2.55396,-2.47012),
vec3(-1.6057,-2.63889,-2.29469),
vec3(-1.70277,-2.75816,-2.14008),
vec3(-1.81792,-2.94488,-2.07783),
vec3(-1.94143,-3.19195,-2.04223),
vec3(-2.12778,-3.46885,-2.08134),
vec3(-2.32142,-3.88358,-2.14209),
vec3(-2.57388,-4.31889,-2.27128),
vec3(-2.86298,-4.90181,-2.45459),
vec3(-3.22087,-5.53585,-2.6925),
vec3(-3.588,-6.07089,-2.99184),
vec3(-4.05332,-6.06788,-3.3784),
vec3(-4.63875,-5.53979,-3.87776),
vec3(-5.27178,-4.82847,-4.47024),
vec3(-6.00984,-4.19041,-5.21498),
vec3(-6.89561,-3.69124,-6.22771),
vec3(-7.42726,-3.21336,-7.6566),
vec3(-7.35104,-2.83782,-8.8554),
vec3(-6.74553,-2.53662,-7.85599),
vec3(-6.14633,-2.30048,-6.52245),
vec3(-5.60182,-2.10507,-5.65431),
vec3(-5.24237,-1.96943,-4.95657),
vec3(-4.8844,-1.86133,-4.46856),
vec3(-4.65063,-1.81384,-4.07106),
vec3(-4.45616,-1.79426,-3.75589),
vec3(-4.31393,-1.81188,-3.5122),
vec3(-4.223,-1.87073,-3.30486),
vec3(-4.16024,-1.97607,-3.1573),
vec3(-4.14523,-2.13019,-3.01212),
vec3(-4.14334,-2.32192,-2.94719),
vec3(-4.18992,-2.56803,-2.90192),
vec3(-4.26949,-2.88802,-2.84836),
vec3(-4.33672,-3.26341,-2.85057),
vec3(-4.42991,-3.74787,-2.90593),
vec3(-4.54919,-4.27283,-2.9967),
vec3(-4.67623,-4.91078,-3.11116),
vec3(-4.80918,-5.60425,-3.33016),
vec3(-4.96163,-5.93932,-3.60643),
vec3(-5.09945,-5.68419,-3.96459),
vec3(-5.25373,-5.09265,-4.40939),
vec3(-5.37302,-4.44874,-5.09683),
vec3(-5.53703,-3.90112,-6.00376),
vec3(-5.66162,-3.44788,-7.5427),
vec3(-5.75387,-3.09152,-10.3374),
vec3(-5.79687,-2.79226,-8.99266),
vec3(-5.82996,-2.54277,-6.76684),
vec3(-5.82605,-2.39162,-5.54361),
vec3(-5.74014,-2.25443,-4.63582),
vec3(-5.6314,-2.19464,-4.15462),
vec3(-5.46452,-2.15728,-3.66872),
vec3(-5.34625,-2.16752,-3.37659),
vec3(-5.22467,-2.22173,-3.12607),
vec3(-5.0067,-2.32239,-3.00405),
vec3(-4.89038,-2.45211,-2.95251),
vec3(-4.74908,-2.64744,-2.94793),
vec3(-4.59179,-2.90378,-3.02468),
vec3(-4.51714,-3.218,-3.12008),
vec3(-4.4563,-3.61884,-3.39229),
vec3(-4.3976,-4.13024,-3.67704),
vec3(-4.37961,-4.74164,-4.04777),
vec3(-4.33714,-5.65188,-4.42886),
vec3(-4.34829,-6.87964,-4.96684),
vec3(-4.35318,-9.14596,-5.5387),
vec3(-4.35419,-11.8126,-6.19769),
vec3(-4.44689,-8.13553,-6.81185),
vec3(-4.54108,-6.471,-7.35037),
vec3(-4.62852,-5.50819,-7.80317),
vec3(-4.77581,-4.83886,-7.90898),
vec3(-4.91393,-4.33617,-7.81324),
vec3(-5.01188,-3.96404,-7.43114),
vec3(-5.17864,-3.68737,-7.13316),
vec3(-5.23082,-3.46426,-6.64482),
vec3(-5.28921,-3.31673,-6.05643),
vec3(-5.2908,-3.21899,-5.49084),
vec3(-5.25564,-3.1633,-5.05629),
vec3(-5.182,-3.15862,-4.69067),
vec3(-5.04533,-3.17788,-4.2889),
vec3(-4.9046,-3.22099,-4.00697),
vec3(-4.76917,-3.29873,-3.7702),
vec3(-4.62387,-3.41055,-3.69716),
vec3(-4.47743,-3.53355,-3.64734),
vec3(-4.33479,-3.6795,-3.67535),
vec3(-4.21784,-3.82982,-3.7136),
vec3(-4.11656,-4.00778,-3.9041),
vec3(-4.04084,-4.17038,-4.04075),
vec3(-3.97669,-4.32228,-4.26588),
vec3(-3.95118,-4.48691,-4.51041),
vec3(-3.95147,-4.62717,-4.60932),
vec3(-3.96874,-4.7843,-4.64943),
vec3(-4.01296,-4.89107,-4.52625),
vec3(-4.0585,-4.99088,-4.33233),
vec3(-4.15664,-5.11191,-4.11072),
vec3(-4.25345,-5.21869,-3.92399),
vec3(-4.42956,-5.32832,-3.77705),
vec3(-4.62995,-5.38708,-3.69862),
vec3(-4.83508,-5.54053,-3.64846),
vec3(-5.1084,-5.67752,-3.71706),
vec3(-5.40683,-5.79777,-3.87384),
vec3(-5.84302,-5.86701,-4.07217),
vec3(-6.30313,-5.9723,-4.40005),
vec3(-6.94604,-5.95635,-4.67601),
vec3(-7.89798,-5.90597,-4.8408),
vec3(-9.05995,-5.8621,-4.9309),
vec3(-11.1033,-5.79099,-4.78253),
vec3(-12.2108,-5.61025,-4.43741),
vec3(-9.78768,-5.47403,-4.08509),
vec3(-8.10394,-5.31303,-3.74056),
vec3(-7.14972,-5.18478,-3.45075),
vec3(-6.41914,-5.0905,-3.24533),
vec3(-5.8221,-4.95074,-3.07756),
vec3(-5.38615,-4.8934,-3.0054),
vec3(-4.97346,-4.80385,-2.97768),
vec3(-4.67425,-4.77758,-3.02655),
vec3(-4.38111,-4.74277,-3.12273),
vec3(-4.14968,-4.7247,-3.29104),
vec3(-3.98569,-4.72861,-3.50195),
vec3(-3.80929,-4.72421,-3.77366),
vec3(-3.68759,-4.76241,-4.0945),
vec3(-3.57544,-4.8087,-4.47299),
vec3(-3.51059,-4.83815,-4.88798),
vec3(-3.42939,-4.84578,-5.33324),
vec3(-3.40456,-4.91272,-5.89759),
vec3(-3.38014,-4.94007,-6.51011),
vec3(-3.39063,-4.97724,-7.34707),
vec3(-3.43587,-5.05503,-8.07945),
vec3(-3.48806,-5.11422,-8.33203),
vec3(-3.51646,-5.14702,-7.46211),
vec3(-3.61144,-5.21568,-6.3487),
vec3(-3.68507,-5.26884,-5.393),
vec3(-3.82236,-5.38548,-4.6553),
vec3(-3.97175,-5.51159,-4.0536),
vec3(-4.12938,-5.66381,-3.54245),
vec3(-4.34759,-5.84634,-3.15322),
vec3(-4.55116,-5.99924,-2.82011),
vec3(-4.82566,-6.18599,-2.6016),
vec3(-5.0701,-6.30872,-2.40145),
vec3(-5.44826,-6.42249,-2.3166),
vec3(-5.86339,-6.39715,-2.28622),
vec3(-6.26259,-6.24105,-2.29511),
vec3(-6.66854,-6.02131,-2.40083),
vec3(-7.21492,-5.63712,-2.56919),
vec3(-7.55374,-5.24315,-2.77534),
vec3(-7.8577,-4.91268,-3.08896),
vec3(-7.74239,-4.50234,-3.44196),
vec3(-7.29967,-4.18086,-3.8187),
vec3(-6.78085,-3.85703,-4.16395),
vec3(-6.34013,-3.60066,-4.35146),
vec3(-5.89201,-3.34909,-4.29162),
vec3(-5.54716,-3.12066,-4.05465),
vec3(-5.23448,-2.97371,-3.70051),
vec3(-4.9475,-2.80261,-3.37836),
vec3(-4.70348,-2.69212,-3.07498),
vec3(-4.52761,-2.5956,-2.86208),
vec3(-4.34374,-2.53936,-2.63921),
vec3(-4.2102,-2.50816,-2.50317),
vec3(-4.12397,-2.51913,-2.45779),
vec3(-4.04306,-2.53776,-2.40881),
vec3(-4.01408,-2.62192,-2.42718),
vec3(-3.97338,-2.7218,-2.48546),
vec3(-3.99206,-2.89095,-2.56797),
vec3(-4.0354,-3.07854,-2.66459),
vec3(-4.06254,-3.33394,-2.7521),
vec3(-4.17172,-3.67293,-2.90704),
vec3(-4.23288,-4.09061,-3.10049),
vec3(-4.37387,-4.6742,-3.29924),
vec3(-4.50514,-5.42069,-3.45549),
vec3(-4.65156,-6.45064,-3.70875),
vec3(-4.83425,-8.09974,-3.94263),
vec3(-5.06062,-10.2633,-4.21557),
vec3(-5.18499,-8.03885,-4.51217),
vec3(-5.38667,-6.37877,-4.8107),
vec3(-5.585,-5.27365,-5.15945),
vec3(-5.73578,-4.4469,-5.45684),
vec3(-5.89145,-3.89241,-5.7816),
vec3(-6.01123,-3.41435,-5.75623),
vec3(-6.03253,-3.01995,-5.7133),
vec3(-5.97535,-2.72477,-5.3826),
vec3(-5.83391,-2.49093,-5.17334),
vec3(-5.73622,-2.30946,-4.94698),
vec3(-5.48732,-2.16766,-4.78654),
vec3(-5.2071,-2.06764,-4.5728),
vec3(-4.97603,-2.01857,-4.50236),
vec3(-4.66335,-1.99717,-4.44777),
vec3(-4.4275,-2.03387,-4.50107),
vec3(-4.10791,-2.10076,-4.59432),
vec3(-3.88161,-2.21542,-4.75563),
vec3(-3.63995,-2.37162,-4.99678),
vec3(-3.45255,-2.59248,-5.27485),
vec3(-3.22285,-2.85373,-5.6839),
vec3(-3.04696,-3.19582,-6.26183),
vec3(-2.88845,-3.62008,-6.85172),
vec3(-2.74227,-4.13423,-7.52496),
vec3(-2.63269,-4.7732,-8.1041),
vec3(-2.57066,-5.58676,-8.23636),
vec3(-2.45655,-6.44135,-7.83698),
vec3(-2.41987,-6.88892,-7.29283),
vec3(-2.4181,-6.43901,-6.76631),
vec3(-2.43076,-5.61543,-6.33784),
vec3(-2.47271,-4.91509,-6.02636),
vec3(-2.54861,-4.30407,-5.79018),
vec3(-2.62213,-3.88251,-5.63076),
vec3(-2.81334,-3.50407,-5.47572),
vec3(-2.95631,-3.23501,-5.38956),
vec3(-3.15568,-3.04179,-5.32218),
vec3(-3.3883,-2.89669,-5.30348),
vec3(-3.59837,-2.82772,-5.18429),
vec3(-3.87249,-2.78894,-5.18311),
vec3(-4.06335,-2.79025,-5.1),
vec3(-4.17117,-2.85372,-5.05748),
vec3(-4.20497,-2.94345,-4.97492),
vec3(-4.09757,-3.07209,-4.8637),
vec3(-3.88276,-3.25608,-4.70085),
vec3(-3.6055,-3.46061,-4.59447),
vec3(-3.31614,-3.71919,-4.50274),
vec3(-3.03832,-4.02005,-4.35724),
vec3(-2.81621,-4.35087,-4.22981),
vec3(-2.56548,-4.72435,-4.14731),
vec3(-2.37256,-5.13706,-4.07704),
vec3(-2.20995,-5.59916,-4.0304),
vec3(-2.10897,-6.00999,-3.97281),
vec3(-2.0242,-6.47684,-3.96666),
vec3(-1.94064,-6.97516,-3.98489),
vec3(-1.96451,-7.25952,-4.02154),
vec3(-1.9705,-7.58367,-4.08741),
vec3(-2.01472,-7.70076,-4.21666),
vec3(-2.082,-7.55617,-4.33086),
vec3(-2.1998,-7.27325,-4.50716),
vec3(-2.36092,-6.79471,-4.65716),
vec3(-2.57976,-6.32272,-4.87946),
vec3(-2.79657,-5.83074,-5.06981),
vec3(-3.0464,-5.36798,-5.22506),
vec3(-3.39484,-4.93889,-5.37149),
vec3(-3.73645,-4.5883,-5.45297),
vec3(-4.12838,-4.27226,-5.47714),
vec3(-4.37277,-3.95152,-5.58857),
vec3(-4.60713,-3.73628,-5.58663),
vec3(-4.61428,-3.51877,-5.57524),
vec3(-4.63265,-3.39908,-5.33053),
vec3(-4.3993,-3.2929,-5.08458),
vec3(-4.14444,-3.23997,-4.74074),
vec3(-3.8807,-3.19708,-4.29665),
vec3(-3.65889,-3.25269,-3.84639),
vec3(-3.46307,-3.33608,-3.35874),
vec3(-3.32428,-3.49207,-2.94727),
vec3(-3.20435,-3.67992,-2.50454),
vec3(-3.16216,-3.95988,-2.16426),
vec3(-3.12866,-4.34195,-1.83601),
vec3(-3.15777,-4.78291,-1.5542),
vec3(-3.24088,-5.46892,-1.35311),
vec3(-3.33993,-6.33082,-1.16964),
vec3(-3.49415,-7.55101,-1.02707),
vec3(-3.70402,-9.06841,-0.96577),
vec3(-3.92338,-8.61783,-0.922416),
vec3(-4.19012,-7.06536,-0.942843),
vec3(-4.50112,-5.94375,-1.02637),
vec3(-4.79506,-5.13779,-1.16548),
vec3(-5.01002,-4.53494,-1.3722),
vec3(-5.14454,-4.06585,-1.66371),
vec3(-5.11077,-3.68218,-2.06533),
vec3(-5.05337,-3.37363,-2.58075),
vec3(-4.74764,-3.16619,-3.25749),
vec3(-4.4775,-2.96945,-4.13257),
vec3(-4.20427,-2.84293,-5.32508),
vec3(-4.01796,-2.72643,-6.26283),
vec3(-3.84945,-2.65713,-5.51706),
vec3(-3.70313,-2.64593,-4.36287),
vec3(-3.56152,-2.63384,-3.42629),
vec3(-3.48919,-2.65148,-2.77458),
vec3(-3.4273,-2.69987,-2.28533),
vec3(-3.48767,-2.77068,-1.93928),
vec3(-3.53969,-2.87115,-1.66562),
vec3(-3.60441,-2.99289,-1.48525),
vec3(-3.67078,-3.16849,-1.37089),
vec3(-3.80744,-3.34651,-1.32397),
vec3(-3.97907,-3.53519,-1.32107),
vec3(-4.20116,-3.75372,-1.36401),
vec3(-4.37653,-4.02988,-1.4745),
vec3(-4.68515,-4.33554,-1.61318),
vec3(-4.86786,-4.68657,-1.8065),
vec3(-5.02644,-5.12225,-2.06872),
vec3(-5.32606,-5.5966,-2.34204),
vec3(-5.49474,-6.22029,-2.66859),
vec3(-5.5851,-6.94485,-3.06227),
vec3(-5.69844,-7.8877,-3.48676),
vec3(-5.58204,-8.78412,-3.92917),
vec3(-5.56274,-8.74653,-4.30952),
vec3(-5.43619,-7.72372,-4.65218),
vec3(-5.21115,-6.68411,-4.77137),
vec3(-5.12767,-5.95214,-4.62768),
vec3(-4.82932,-5.2891,-4.46714),
vec3(-4.49645,-4.7475,-4.26942),
vec3(-4.2581,-4.30164,-4.03835),
vec3(-3.90666,-3.88252,-3.91678),
vec3(-3.58991,-3.54512,-3.81639),
vec3(-3.26218,-3.25624,-3.7974),
vec3(-2.89386,-3.0351,-3.82436),
vec3(-2.66235,-2.81803,-3.90892),
vec3(-2.3323,-2.6367,-4.07514),
vec3(-2.10859,-2.49546,-4.28075),
vec3(-1.86088,-2.3814,-4.51354),
vec3(-1.63567,-2.28578,-4.73937),
vec3(-1.46956,-2.24894,-4.90228),
vec3(-1.34824,-2.21966,-4.9305),
vec3(-1.20664,-2.23123,-4.80447),
vec3(-1.08506,-2.25829,-4.54293),
vec3(-1.01933,-2.33789,-4.25609),
vec3(-0.988023,-2.43697,-3.94332),
vec3(-0.964861,-2.57744,-3.67045),
vec3(-0.998597,-2.76989,-3.46655),
vec3(-1.01074,-2.98591,-3.31895),
vec3(-1.11189,-3.25918,-3.22811),
vec3(-1.21283,-3.57736,-3.16388),
vec3(-1.37119,-3.95521,-3.16864),
vec3(-1.5807,-4.44272,-3.25836),
vec3(-1.84814,-5.00496,-3.38127),
vec3(-2.21741,-5.71421,-3.54786),
vec3(-2.60266,-6.51354,-3.73401),
vec3(-3.13026,-7.30941,-3.94375),
vec3(-3.74474,-7.90424,-4.1964),
vec3(-4.60007,-7.7895,-4.36954),
vec3(-5.74683,-7.27677,-4.57229),
vec3(-6.67909,-6.70276,-4.69425),
vec3(-6.23042,-6.25902,-4.74029),
vec3(-5.08353,-5.99676,-4.57141),
vec3(-4.01181,-5.73783,-4.488),
vec3(-3.30946,-5.63278,-4.30125),
vec3(-2.65104,-5.52935,-4.17856),
vec3(-2.2106,-5.56897,-3.95704),
vec3(-1.87199,-5.73147,-3.74482),
vec3(-1.53129,-5.83259,-3.63081),
vec3(-1.32598,-6.1298,-3.42804),
vec3(-1.09622,-6.41477,-3.31896),
vec3(-0.946237,-6.81234,-3.23994),
vec3(-0.807613,-7.24129,-3.22361),
vec3(-0.713391,-7.78209,-3.19018),
vec3(-0.658761,-8.55034,-3.1789),
vec3(-0.633981,-9.39819,-3.23525),
vec3(-0.640717,-10.3877,-3.35977),
vec3(-0.654895,-10.9283,-3.5344),
vec3(-0.678383,-10.3017,-3.80859),
vec3(-0.75489,-9.40919,-4.10095),
vec3(-0.873198,-8.65096,-4.41149),
vec3(-0.984078,-7.90478,-4.91926),
vec3(-1.13748,-7.34238,-5.38649),
vec3(-1.28721,-6.80315,-5.8802),
vec3(-1.49333,-6.37534,-6.02441),
vec3(-1.70937,-6.07512,-5.6837),
vec3(-1.94521,-5.72687,-5.11214),
vec3(-2.2408,-5.57214,-4.57975),
vec3(-2.53402,-5.38887,-4.05389),
vec3(-2.85583,-5.24285,-3.58168),
vec3(-3.19688,-5.23227,-3.23205),
vec3(-3.57793,-5.30244,-2.96424),
vec3(-3.96643,-5.44609,-2.74963),
vec3(-4.30258,-5.70377,-2.56976),
vec3(-4.69022,-6.14162,-2.47199),
vec3(-4.97054,-6.79098,-2.42159),
vec3(-5.12154,-7.63989,-2.39347),
vec3(-5.23021,-8.87277,-2.46358),
vec3(-5.19437,-8.54111,-2.55398),
vec3(-5.05644,-7.13457,-2.68012),
vec3(-4.9759,-5.84176,-2.90482),
vec3(-4.74908,-4.94656,-3.15906),
vec3(-4.66795,-4.15529,-3.54723),
vec3(-4.55927,-3.5426,-4.00527),
vec3(-4.43074,-3.04966,-4.5532),
vec3(-4.34938,-2.63212,-5.1914),
vec3(-4.26867,-2.29392,-5.65998),
vec3(-4.224,-2.03344,-5.62254),
vec3(-4.16555,-1.82663,-5.08503),
vec3(-4.16987,-1.64157,-4.28241),
vec3(-4.22436,-1.53602,-3.62313),
vec3(-4.25582,-1.47248,-3.05263),
vec3(-4.30054,-1.46125,-2.58332),
vec3(-4.37191,-1.49212,-2.19427),
vec3(-4.47108,-1.56277,-1.84496),
vec3(-4.54613,-1.74174,-1.63375),
vec3(-4.66695,-1.95808,-1.42131),
vec3(-4.75599,-2.26564,-1.28288),
vec3(-4.88126,-2.6476,-1.16653),
vec3(-4.96174,-3.18786,-1.12195),
vec3(-5.04806,-3.86852,-1.10064),
vec3(-5.10238,-4.83971,-1.12862),
vec3(-5.11841,-6.09572,-1.19139),
vec3(-5.08276,-7.19126,-1.34257),
vec3(-5.0336,-6.06874,-1.51327),
vec3(-4.93418,-4.72358,-1.75291),
vec3(-4.86079,-3.73317,-2.06179),
vec3(-4.70819,-3.00339,-2.42423),
vec3(-4.67182,-2.48862,-2.85281),
vec3(-4.58179,-2.05928,-3.32842),
vec3(-4.53491,-1.72909,-3.77781),
vec3(-4.51829,-1.49735,-4.0639),
vec3(-4.52541,-1.29589,-3.98537),
vec3(-4.57582,-1.16769,-3.64546),
vec3(-4.63372,-1.08844,-3.18216),
vec3(-4.74359,-1.06742,-2.75672),
vec3(-4.88765,-1.07841,-2.34733),
vec3(-5.0879,-1.14264,-2.01166),
vec3(-5.32332,-1.24585,-1.73219),
vec3(-5.60818,-1.40753,-1.51681),
vec3(-5.90421,-1.61115,-1.34162),
vec3(-6.23006,-1.85456,-1.19239),
vec3(-6.51503,-2.18009,-1.10566),
vec3(-6.72894,-2.5583,-1.02685),
vec3(-6.7842,-3.01259,-0.976329),
vec3(-6.60007,-3.61294,-0.98443),
vec3(-6.39397,-4.34942,-0.991586),
vec3(-5.98619,-5.33651,-1.02407),
vec3(-5.59158,-6.6926,-1.05522),
vec3(-5.34033,-8.98937,-1.15301),
vec3(-4.97523,-8.87603,-1.2374),
vec3(-4.71169,-6.89194,-1.33727),
vec3(-4.49493,-5.67766,-1.45561),
vec3(-4.30811,-4.86041,-1.62413),
vec3(-4.10314,-4.30205,-1.77387),
vec3(-3.95174,-3.87149,-1.96555),
vec3(-3.79577,-3.55745,-2.18577),
vec3(-3.68264,-3.32493,-2.42845),
vec3(-3.57215,-3.1457,-2.73827),
vec3(-3.46174,-3.02584,-3.08299),
vec3(-3.37054,-2.96585,-3.4755),
vec3(-3.26624,-2.94178,-3.98183),
vec3(-3.18682,-2.97692,-4.52416),
vec3(-3.09111,-3.0462,-5.2844),
vec3(-2.9928,-3.1727,-6.20438),
vec3(-2.91395,-3.35188,-7.47736),
vec3(-2.82821,-3.59625,-8.67721),
vec3(-2.76063,-3.92408,-8.39075),
vec3(-2.68692,-4.33463,-7.29752),
vec3(-2.62916,-4.86529,-6.41791),
vec3(-2.58415,-5.54515,-5.808),
vec3(-2.55138,-6.37711,-5.43143),
vec3(-2.53809,-7.2051,-5.15007),
vec3(-2.53699,-7.22643,-5.00966),
vec3(-2.55646,-6.47174,-4.96097),
vec3(-2.59774,-5.62298,-5.03781),
vec3(-2.65613,-4.90863,-5.20605),
vec3(-2.74055,-4.3575,-5.46132),
vec3(-2.85266,-3.94047,-5.8323),
vec3(-2.98684,-3.62522,-6.27077),
vec3(-3.12866,-3.39101,-6.7924),
vec3(-3.32548,-3.25355,-7.36663),
vec3(-3.50497,-3.17756,-7.98266),
vec3(-3.70231,-3.1709,-8.42865),
vec3(-3.8765,-3.23855,-8.56426),
vec3(-3.99459,-3.36695,-8.22285),
vec3(-4.02542,-3.5493,-7.57017),
vec3(-3.94193,-3.75873,-6.78122),
vec3(-3.75174,-3.94551,-6.0054),
vec3(-3.4661,-4.03121,-5.20356),
vec3(-3.15174,-3.93284,-4.48724),
vec3(-2.82615,-3.61011,-3.88767),
vec3(-2.50752,-3.1895,-3.32396),
vec3(-2.18035,-2.71725,-2.82982),
vec3(-1.90619,-2.26437,-2.4256),
vec3(-1.64185,-1.85317,-2.0892),
vec3(-1.40423,-1.49878,-1.80891),
vec3(-1.18987,-1.18823,-1.59402),
vec3(-1.00467,-0.933552,-1.44385),
vec3(-0.830333,-0.72174,-1.35031),
vec3(-0.679749,-0.552454,-1.32159),
vec3(-0.56079,-0.436387,-1.36466),
vec3(-0.455806,-0.357749,-1.47019),
vec3(-0.375249,-0.327442,-1.65871),
vec3(-0.31492,-0.338971,-1.93201),
vec3(-0.269824,-0.395486,-2.28916),
vec3(-0.253685,-0.507587,-2.76898),
vec3(-0.257258,-0.675692,-3.36405),
vec3(-0.27111,-0.904962,-4.05125),
vec3(-0.326887,-1.21696,-4.69755),
vec3(-0.392172,-1.62159,-4.88959),
vec3(-0.496299,-2.16321,-4.49066),
vec3(-0.602162,-2.85344,-3.90595),
vec3(-0.754549,-3.83262,-3.38967),
vec3(-0.916635,-5.06107,-2.9956),
vec3(-1.14558,-5.6279,-2.70156),
vec3(-1.39736,-4.4487,-2.51779),
vec3(-1.68026,-3.23727,-2.42628),
vec3(-1.99613,-2.3224,-2.41084),
vec3(-2.38198,-1.6178,-2.44319),
vec3(-2.80399,-1.0739,-2.51265),
vec3(-3.24506,-0.638191,-2.58041),
vec3(-3.64126,-0.290665,-2.62645),
vec3(-3.94464,-0.00868609,-2.6143),
vec3(-4.0408,0.212676,-2.54959),
vec3(-3.90676,0.382379,-2.43733),
vec3(-3.61468,0.511812,-2.30319),
vec3(-3.27471,0.594379,-2.17823),
vec3(-2.93284,0.636098,-2.08315),
vec3(-2.64429,0.641022,-2.02432),
vec3(-2.39757,0.607243,-2.0078),
vec3(-2.20254,0.534953,-2.0309),
vec3(-2.02211,0.422801,-2.08741),
vec3(-1.91473,0.268782,-2.14971),
vec3(-1.84398,0.0709004,-2.1982),
vec3(-1.80172,-0.1745,-2.20778),
vec3(-1.80467,-0.470835,-2.16121),
vec3(-1.83939,-0.822568,-2.06709),
vec3(-1.89572,-1.22431,-1.94116),
vec3(-2.00019,-1.65292,-1.81107),
vec3(-2.12479,-2.04896,-1.71499),
vec3(-2.29463,-2.30988,-1.66539),
vec3(-2.46754,-2.31105,-1.68688),
vec3(-2.69486,-2.05942,-1.79712),
vec3(-2.91116,-1.66267,-2.00287),
vec3(-3.13551,-1.23559,-2.31732),
vec3(-3.35091,-0.838047,-2.733),
vec3(-3.51776,-0.485302,-3.16247),
vec3(-3.6147,-0.184973,-3.36798),
vec3(-3.62741,0.0703219,-3.0648),
vec3(-3.55545,0.275728,-2.41995),
vec3(-3.40568,0.445143,-1.7143),
vec3(-3.21955,0.574365,-1.09694),
vec3(-3.00125,0.671686,-0.581903),
vec3(-2.77762,0.739322,-0.168973),
vec3(-2.55582,0.778816,0.149643),
vec3(-2.33467,0.792275,0.388302),
vec3(-2.12508,0.779881,0.547809),
vec3(-1.91911,0.745308,0.636971),
vec3(-1.72629,0.690551,0.655443),
vec3(-1.53492,0.618767,0.606691),
vec3(-1.35061,0.531434,0.487823),
vec3(-1.17559,0.432117,0.296658),
vec3(-1.009,0.325826,0.0306974),
vec3(-0.848194,0.21657,-0.310946),
vec3(-0.703746,0.107453,-0.729455),
vec3(-0.563831,0.0117921,-1.19349),
vec3(-0.438217,-0.0706641,-1.64238),
vec3(-0.326209,-0.133139,-1.94134),
vec3(-0.2288,-0.174071,-1.96146),
vec3(-0.145123,-0.191389,-1.72756),
vec3(-0.0763714,-0.187909,-1.3873),
vec3(-0.0219081,-0.166881,-1.05642),
vec3(0.0164534,-0.134559,-0.782922),
vec3(0.0433123,-0.0949584,-0.583869),
vec3(0.0581003,-0.0531249,-0.45953),
vec3(0.064277,-0.0132023,-0.403307),
vec3(0.0661789,0.0221381,-0.414493),
vec3(0.0678103,0.0518266,-0.483148),
vec3(0.0746663,0.0744964,-0.606636),
vec3(0.0946814,0.0910595,-0.776817),
vec3(0.132747,0.101488,-0.98858),
vec3(0.195151,0.109271,-1.23016),
vec3(0.28418,0.116084,-1.49395),
vec3(0.40021,0.124615,-1.77099),
vec3(0.539818,0.13747,-2.05572),
vec3(0.698539,0.157594,-2.34862),
vec3(0.869809,0.187372,-2.65642),
vec3(1.04706,0.227481,-2.99471),
vec3(1.22502,0.278468,-3.38083),
vec3(1.39747,0.338034,-3.82685),
vec3(1.56274,0.406357,-4.3111),
vec3(1.71582,0.478461,-4.73435),
vec3(1.85654,0.553367,-4.87437),
vec3(1.98222,0.626616,-4.60614),
vec3(2.09228,0.695881,-4.10063),
vec3(2.18615,0.75868,-3.57502),
vec3(2.26325,0.81274,-3.12657),
vec3(2.32342,0.856461,-2.78031),
vec3(2.36647,0.888561,-2.53746),
vec3(2.39234,0.90817,-2.39406),
vec3(2.40096,0.914762,-2.34668),
);
