const vec3 mieData[] = vec3[](
	vec3(-5.15946e+42, 9.61622e+42, 5.63446e+42),
	vec3(-5.15442e+42, 9.60647e+42, 5.62825e+42),
	vec3(-5.13931e+42, 9.57728e+42, 5.60967e+42),
	vec3(-5.11421e+42, 9.52878e+42, 5.5788e+42),
	vec3(-5.07922e+42, 9.4612e+42, 5.5358e+42),
	vec3(-5.03451e+42, 9.37484e+42, 5.48087e+42),
	vec3(-4.98027e+42, 9.2701e+42, 5.4143e+42),
	vec3(-4.91674e+42, 9.14748e+42, 5.3364e+42),
	vec3(-4.84421e+42, 9.00752e+42, 5.24756e+42),
	vec3(-4.76299e+42, 8.85088e+42, 5.14822e+42),
	vec3(-4.67346e+42, 8.67826e+42, 5.03885e+42),
	vec3(-4.57599e+42, 8.49044e+42, 4.92e+42),
	vec3(-4.47102e+42, 8.28829e+42, 4.79223e+42),
	vec3(-4.35901e+42, 8.07271e+42, 4.65617e+42),
	vec3(-4.24043e+42, 7.84466e+42, 4.51246e+42),
	vec3(-4.1158e+42, 7.60515e+42, 4.36179e+42),
	vec3(-3.98565e+42, 7.35526e+42, 4.20488e+42),
	vec3(-3.85054e+42, 7.09606e+42, 4.04246e+42),
	vec3(-3.71102e+42, 6.82869e+42, 3.87529e+42),
	vec3(-3.56769e+42, 6.5543e+42, 3.70415e+42),
	vec3(-3.42113e+42, 6.27406e+42, 3.52982e+42),
	vec3(-3.27194e+42, 5.98915e+42, 3.35309e+42),
	vec3(-3.12073e+42, 5.70076e+42, 3.17475e+42),
	vec3(-2.96808e+42, 5.41009e+42, 2.9956e+42),
	vec3(-2.8146e+42, 5.11829e+42, 2.81642e+42),
	vec3(-2.66089e+42, 4.82656e+42, 2.63799e+42),
	vec3(-2.50752e+42, 4.53602e+42, 2.46105e+42),
	vec3(-2.35507e+42, 4.2478e+42, 2.28635e+42),
	vec3(-2.20409e+42, 3.96298e+42, 2.11459e+42),
	vec3(-2.05512e+42, 3.68263e+42, 1.94647e+42),
	vec3(-1.90867e+42, 3.40773e+42, 1.78263e+42),
	vec3(-1.76524e+42, 3.13925e+42, 1.62369e+42),
	vec3(-1.6253e+42, 2.87811e+42, 1.47023e+42),
	vec3(-1.48928e+42, 2.62513e+42, 1.32279e+42),
	vec3(-1.3576e+42, 2.38113e+42, 1.18187e+42),
	vec3(-1.23064e+42, 2.14682e+42, 1.04791e+42),
	vec3(-1.10875e+42, 1.92286e+42, 9.21311e+41),
	vec3(-9.92234e+41, 1.70983e+42, 8.02429e+41),
	vec3(-8.81375e+41, 1.50826e+42, 6.91562e+41),
	vec3(-7.76413e+41, 1.31858e+42, 5.8896e+41),
	vec3(-6.77554e+41, 1.14117e+42, 4.94819e+41),
	vec3(-5.84965e+41, 9.76324e+41, 4.09281e+41),
	vec3(-4.98777e+41, 8.24249e+41, 3.32438e+41),
	vec3(-4.19083e+41, 6.85093e+41, 2.64327e+41),
	vec3(-3.45941e+41, 5.58924e+41, 2.04935e+41),
	vec3(-2.79368e+41, 4.45737e+41, 1.54198e+41),
	vec3(-2.19351e+41, 3.45454e+41, 1.12002e+41),
	vec3(-1.65839e+41, 2.5793e+41, 7.81865e+40),
	vec3(-1.18747e+41, 1.8295e+41, 5.25435e+40),
	vec3(-7.79596e+40, 1.20236e+41, 3.48228e+40),
	vec3(-4.33292e+40, 6.94508e+40, 2.47326e+40),
	vec3(-1.46797e+40, 3.01961e+40, 2.19427e+40),
	vec3(8.19252e+39, 2.0218e+39, 2.60874e+40),
	vec3(2.55164e+40, -1.55722e+40, 3.67684e+40),
	vec3(3.75442e+40, -2.31314e+40, 5.35582e+40),
	vec3(4.45493e+40, -2.1242e+40, 7.60033e+40),
	vec3(4.68239e+40, -1.05265e+40, 1.03628e+41),
	vec3(4.46769e+40, 8.36172e+39, 1.35938e+41),
	vec3(3.84312e+40, 3.47428e+40, 1.72422e+41),
	vec3(2.84214e+40, 6.79158e+40, 2.12562e+41),
	vec3(1.49914e+40, 1.07164e+41, 2.55826e+41),
	vec3(-1.50809e+39, 1.51758e+41, 3.01682e+41),
	vec3(-2.0722e+40, 2.00966e+41, 3.49598e+41),
	vec3(-4.22934e+40, 2.54051e+41, 3.99042e+41),
	vec3(-6.58656e+40, 3.10282e+41, 4.49491e+41),
	vec3(-9.10848e+40, 3.68937e+41, 5.00432e+41),
	vec3(-1.17602e+41, 4.29307e+41, 5.51365e+41),
	vec3(-1.45076e+41, 4.90698e+41, 6.01807e+41),
	vec3(-1.73173e+41, 5.52442e+41, 6.51293e+41),
	vec3(-2.01572e+41, 6.13893e+41, 6.99382e+41),
	vec3(-2.29964e+41, 6.74436e+41, 7.45655e+41),
	vec3(-2.58056e+41, 7.33489e+41, 7.89724e+41),
	vec3(-2.85568e+41, 7.90503e+41, 8.31227e+41),
	vec3(-3.12241e+41, 8.44971e+41, 8.69834e+41),
	vec3(-3.37832e+41, 8.96425e+41, 9.05247e+41),
	vec3(-3.62119e+41, 9.44439e+41, 9.37203e+41),
	vec3(-3.849e+41, 9.88634e+41, 9.65473e+41),
	vec3(-4.05995e+41, 1.02867e+42, 9.89865e+41),
	vec3(-4.25246e+41, 1.06427e+42, 1.01022e+42),
	vec3(-4.42515e+41, 1.09519e+42, 1.02642e+42),
	vec3(-4.57689e+41, 1.12123e+42, 1.03838e+42),
	vec3(-4.70676e+41, 1.14225e+42, 1.04606e+42),
	vec3(-4.81408e+41, 1.15815e+42, 1.04944e+42),
	vec3(-4.89836e+41, 1.16889e+42, 1.04854e+42),
	vec3(-4.95935e+41, 1.17445e+42, 1.04343e+42),
	vec3(-4.99702e+41, 1.17487e+42, 1.03418e+42),
	vec3(-5.0115e+41, 1.17024e+42, 1.02094e+42),
	vec3(-5.00316e+41, 1.16067e+42, 1.00383e+42),
	vec3(-4.97252e+41, 1.14633e+42, 9.83048e+41),
	vec3(-4.9203e+41, 1.1274e+42, 9.5879e+41),
	vec3(-4.84736e+41, 1.10412e+42, 9.31286e+41),
	vec3(-4.75472e+41, 1.07675e+42, 9.00784e+41),
	vec3(-4.64353e+41, 1.04556e+42, 8.67551e+41),
	vec3(-4.51508e+41, 1.01087e+42, 8.31871e+41),
	vec3(-4.37073e+41, 9.73009e+41, 7.94041e+41),
	vec3(-4.21195e+41, 9.32321e+41, 7.5437e+41),
	vec3(-4.0403e+41, 8.8917e+41, 7.13176e+41),
	vec3(-3.85738e+41, 8.43929e+41, 6.7078e+41),
	vec3(-3.66485e+41, 7.96978e+41, 6.2751e+41),
	vec3(-3.46438e+41, 7.48702e+41, 5.83692e+41),
	vec3(-3.25766e+41, 6.99485e+41, 5.3965e+41),
	vec3(-3.0464e+41, 6.49711e+41, 4.95706e+41),
	vec3(-2.83228e+41, 5.99757e+41, 4.52171e+41),
	vec3(-2.61694e+41, 5.49994e+41, 4.09352e+41),
	vec3(-2.40199e+41, 5.0078e+41, 3.67539e+41),
	vec3(-2.18899e+41, 4.52458e+41, 3.27012e+41),
	vec3(-1.97943e+41, 4.05358e+41, 2.88036e+41),
	vec3(-1.77472e+41, 3.59788e+41, 2.50856e+41),
	vec3(-1.57618e+41, 3.16036e+41, 2.15701e+41),
	vec3(-1.38505e+41, 2.7437e+41, 1.82779e+41),
	vec3(-1.20245e+41, 2.35031e+41, 1.52275e+41),
	vec3(-1.02939e+41, 1.98236e+41, 1.24353e+41),
	vec3(-8.66792e+40, 1.64173e+41, 9.91554e+40),
	vec3(-7.15422e+40, 1.33005e+41, 7.67972e+40),
	vec3(-5.75946e+40, 1.04865e+41, 5.73711e+40),
	vec3(-4.48898e+40, 7.98585e+40, 4.09448e+40),
	vec3(-3.34689e+40, 5.80606e+40, 2.75612e+40),
	vec3(-2.33601e+40, 3.95187e+40, 1.72388e+40),
	vec3(-1.45795e+40, 2.42514e+40, 9.97162e+39),
	vec3(-7.13088e+39, 1.22496e+40, 5.7303e+39),
	vec3(-1.00603e+39, 3.47695e+39, 4.4623e+39),
	vec3(3.81454e+39, -2.12914e+39, 6.09296e+39),
	vec3(7.36132e+39, -4.6561e+39, 1.05265e+40),
	vec3(9.67512e+39, -4.21497e+39, 1.76472e+40),
	vec3(1.08064e+40, -9.38893e+38, 2.73206e+40),
	vec3(1.08146e+40, 5.01863e+39, 3.93951e+40),
	vec3(9.76724e+39, 1.34855e+40, 5.37032e+40),
	vec3(7.73907e+39, 2.4273e+40, 7.00636e+40),
	vec3(4.8113e+39, 3.71777e+40, 8.82823e+40),
	vec3(1.07054e+39, 5.19838e+40, 1.08155e+41),
	vec3(-3.39206e+39, 6.84651e+40, 1.29468e+41),
	vec3(-8.48185e+39, 8.6387e+40, 1.52002e+41),
	vec3(-1.41016e+40, 1.05509e+41, 1.7553e+41),
	vec3(-2.01525e+40, 1.25588e+41, 1.99825e+41),
	vec3(-2.65352e+40, 1.46377e+41, 2.24657e+41),
	vec3(-3.31505e+40, 1.67632e+41, 2.49796e+41),
	vec3(-3.99007e+40, 1.89111e+41, 2.75015e+41),
	vec3(-4.669e+40, 2.10575e+41, 3.00092e+41),
	vec3(-5.34257e+40, 2.31796e+41, 3.24809e+41),
	vec3(-6.00189e+40, 2.52549e+41, 3.48956e+41),
	vec3(-6.63852e+40, 2.72625e+41, 3.72333e+41),
	vec3(-7.24453e+40, 2.91823e+41, 3.94748e+41),
	vec3(-7.8126e+40, 3.09956e+41, 4.16022e+41),
	vec3(-8.33602e+40, 3.26853e+41, 4.3599e+41),
	vec3(-8.8088e+40, 3.4236e+41, 4.54498e+41),
	vec3(-9.22564e+40, 3.56336e+41, 4.71409e+41),
	vec3(-9.58202e+40, 3.68661e+41, 4.866e+41),
	vec3(-9.87422e+40, 3.79233e+41, 4.99965e+41),
	vec3(-1.00993e+41, 3.87967e+41, 5.11416e+41),
	vec3(-1.02552e+41, 3.94801e+41, 5.2088e+41),
	vec3(-1.03405e+41, 3.99687e+41, 5.28302e+41),
	vec3(-1.03548e+41, 4.02602e+41, 5.33644e+41),
	vec3(-1.02984e+41, 4.03539e+41, 5.36887e+41),
	vec3(-1.01723e+41, 4.02509e+41, 5.38027e+41),
	vec3(-9.97842e+40, 3.99543e+41, 5.37079e+41),
	vec3(-9.71928e+40, 3.94689e+41, 5.34072e+41),
	vec3(-9.39809e+40, 3.88013e+41, 5.29052e+41),
	vec3(-9.0187e+40, 3.79594e+41, 5.22081e+41),
	vec3(-8.58552e+40, 3.69529e+41, 5.13232e+41),
	vec3(-8.1035e+40, 3.57925e+41, 5.02596e+41),
	vec3(-7.57806e+40, 3.44905e+41, 4.90273e+41),
	vec3(-7.01499e+40, 3.306e+41, 4.76374e+41),
	vec3(-6.42046e+40, 3.15152e+41, 4.61023e+41),
	vec3(-5.80087e+40, 2.9871e+41, 4.44351e+41),
	vec3(-5.16283e+40, 2.81432e+41, 4.26495e+41),
	vec3(-4.5131e+40, 2.63478e+41, 4.07603e+41),
	vec3(-3.85849e+40, 2.45012e+41, 3.87823e+41),
	vec3(-3.20579e+40, 2.26201e+41, 3.67311e+41),
	vec3(-2.56174e+40, 2.07212e+41, 3.46222e+41),
	vec3(-1.93291e+40, 1.88209e+41, 3.24715e+41),
	vec3(-1.32571e+40, 1.69356e+41, 3.02947e+41),
	vec3(-7.46242e+39, 1.50812e+41, 2.81073e+41),
	vec3(-2.0031e+39, 1.32728e+41, 2.59248e+41),
	vec3(3.0666e+39, 1.15251e+41, 2.3762e+41),
	vec3(7.69669e+39, 9.85185e+40, 2.16333e+41),
	vec3(1.18418e+40, 8.26603e+40, 1.95527e+41),
	vec3(1.54617e+40, 6.77947e+40, 1.75332e+41),
	vec3(1.85214e+40, 5.40293e+40, 1.55871e+41),
	vec3(2.09918e+40, 4.14599e+40, 1.3726e+41),
	vec3(2.28495e+40, 3.01698e+40, 1.19602e+41),
	vec3(2.40774e+40, 2.02292e+40, 1.02992e+41),
	vec3(2.46644e+40, 1.16949e+40, 8.75148e+40),
	vec3(2.46057e+40, 4.60983e+39, 7.32427e+40),
	vec3(2.39027e+40, -9.96848e+38, 6.0237e+40),
	vec3(2.25629e+40, -5.10998e+39, 4.85472e+40),
	vec3(2.05999e+40, -7.72822e+39, 3.82111e+40),
	vec3(1.8033e+40, -8.86384e+39, 2.92543e+40),
	vec3(1.48872e+40, -8.54237e+39, 2.1691e+40),
	vec3(1.11929e+40, -6.80215e+39, 1.55233e+40),
	vec3(6.98514e+39, -3.6938e+39, 1.07422e+40),
	vec3(2.30395e+39, 7.20523e+38, 7.32753e+39),
	vec3(-2.80665e+39, 6.3678e+39, 5.24847e+39),
	vec3(-8.29886e+39, 1.31651e+40, 4.46419e+39),
	vec3(-1.41216e+40, 2.10202e+40, 4.92432e+39),
	vec3(-2.0221e+40, 2.98332e+40, 6.56965e+39),
	vec3(-2.65411e+40, 3.94968e+40, 9.33281e+39),
	vec3(-3.30239e+40, 4.98979e+40, 1.31391e+40),
	vec3(-3.96106e+40, 6.09186e+40, 1.79072e+40),
	vec3(-4.62417e+40, 7.24374e+40, 2.35502e+40),
	vec3(-5.28574e+40, 8.433e+40, 2.99762e+40),
	vec3(-5.93988e+40, 9.64711e+40, 3.70896e+40),
	vec3(-6.58076e+40, 1.08735e+41, 4.47916e+40),
	vec3(-7.20275e+40, 1.20997e+41, 5.29814e+40),
	vec3(-7.80039e+40, 1.33135e+41, 6.15569e+40),
	vec3(-8.3685e+40, 1.4503e+41, 7.04159e+40),
	vec3(-8.90217e+40, 1.56565e+41, 7.94567e+40),
	vec3(-9.39686e+40, 1.67632e+41, 8.85791e+40),
	vec3(-9.8484e+40, 1.78126e+41, 9.76851e+40),
	vec3(-1.0253e+41, 1.87951e+41, 1.0668e+41),
	vec3(-1.06074e+41, 1.97017e+41, 1.15473e+41),
	vec3(-1.09087e+41, 2.05243e+41, 1.23976e+41),
	vec3(-1.11547e+41, 2.12559e+41, 1.3211e+41),
	vec3(-1.13433e+41, 2.18901e+41, 1.39798e+41),
	vec3(-1.14734e+41, 2.24217e+41, 1.46971e+41),
	vec3(-1.15441e+41, 2.28467e+41, 1.53566e+41),
	vec3(-1.15551e+41, 2.31617e+41, 1.59527e+41),
	vec3(-1.15069e+41, 2.33648e+41, 1.64806e+41),
	vec3(-1.14e+41, 2.34549e+41, 1.69363e+41),
	vec3(-1.1236e+41, 2.3432e+41, 1.73164e+41),
	vec3(-1.10164e+41, 2.32973e+41, 1.76184e+41),
	vec3(-1.07437e+41, 2.30529e+41, 1.78405e+41),
	vec3(-1.04206e+41, 2.27018e+41, 1.7982e+41),
	vec3(-1.00502e+41, 2.22481e+41, 1.80424e+41),
	vec3(-9.636e+40, 2.16966e+41, 1.80225e+41),
	vec3(-9.18196e+40, 2.10532e+41, 1.79235e+41),
	vec3(-8.69227e+40, 2.03243e+41, 1.77473e+41),
	vec3(-8.17144e+40, 1.95172e+41, 1.74967e+41),
	vec3(-7.62418e+40, 1.86396e+41, 1.7175e+41),
	vec3(-7.05541e+40, 1.76999e+41, 1.67858e+41),
	vec3(-6.4702e+40, 1.6707e+41, 1.63336e+41),
	vec3(-5.87372e+40, 1.567e+41, 1.58233e+41),
	vec3(-5.27119e+40, 1.45984e+41, 1.52599e+41),
	vec3(-4.66783e+40, 1.35018e+41, 1.46492e+41),
	vec3(-4.06884e+40, 1.239e+41, 1.3997e+41),
	vec3(-3.47932e+40, 1.12728e+41, 1.33094e+41),
	vec3(-2.90425e+40, 1.01597e+41, 1.25926e+41),
	vec3(-2.34843e+40, 9.06037e+40, 1.18531e+41),
	vec3(-1.81647e+40, 7.98399e+40, 1.10973e+41),
	vec3(-1.31271e+40, 6.93949e+40, 1.03316e+41),
	vec3(-8.41223e+39, 5.93538e+40, 9.56228e+40),
	vec3(-4.05748e+39, 4.97969e+40, 8.79558e+40),
	vec3(-9.68576e+37, 4.07988e+40, 8.03751e+40),
	vec3(3.43936e+39, 3.24284e+40, 7.29383e+40),
	vec3(6.52487e+39, 2.47476e+40, 6.57005e+40),
	vec3(9.13751e+39, 1.78115e+40, 5.8713e+40),
	vec3(1.12594e+40, 1.16676e+40, 5.20238e+40),
	vec3(1.28772e+40, 6.35552e+39, 4.56767e+40),
	vec3(1.39819e+40, 1.90689e+39, 3.9711e+40),
	vec3(1.4569e+40, -1.6549e+39, 3.41616e+40),
	vec3(1.46386e+40, -4.31483e+39, 2.90585e+40),
	vec3(1.41952e+40, -6.06622e+39, 2.44264e+40),
	vec3(1.32478e+40, -6.91069e+39, 2.02854e+40),
	vec3(1.18094e+40, -6.85804e+39, 1.66499e+40),
	vec3(9.89744e+39, -5.926e+39, 1.35295e+40),
	vec3(7.53289e+39, -4.14005e+39, 1.09285e+40),
	vec3(4.74063e+39, -1.53296e+39, 8.84614e+39),
	vec3(1.54887e+39, 1.8555e+39, 7.2768e+39),
	vec3(-2.01101e+39, 5.97909e+39, 6.21008e+39),
	vec3(-5.90483e+39, 1.07856e+40, 5.63107e+39),
	vec3(-1.00959e+40, 1.62173e+40, 5.52059e+39),
	vec3(-1.45453e+40, 2.22118e+40, 5.85552e+39),
	vec3(-1.92125e+40, 2.87025e+40, 6.60907e+39),
	vec3(-2.40553e+40, 3.5619e+40, 7.75117e+39),
	vec3(-2.90307e+40, 4.28883e+40, 9.24885e+39),
	vec3(-3.40948e+40, 5.04354e+40, 1.10666e+40),
	vec3(-3.92036e+40, 5.81835e+40, 1.31669e+40),
	vec3(-4.43131e+40, 6.60554e+40, 1.55104e+40),
	vec3(-4.93799e+40, 7.39737e+40, 1.80566e+40),
	vec3(-5.43613e+40, 8.18619e+40, 2.07641e+40),
	vec3(-5.9216e+40, 8.96445e+40, 2.35914e+40),
	vec3(-6.39039e+40, 9.72486e+40, 2.64966e+40),
	vec3(-6.83872e+40, 1.04603e+41, 2.94387e+40),
	vec3(-7.26301e+40, 1.11642e+41, 3.23773e+40),
	vec3(-7.65991e+40, 1.183e+41, 3.52732e+40),
	vec3(-8.02636e+40, 1.2452e+41, 3.80892e+40),
	vec3(-8.35958e+40, 1.30247e+41, 4.07896e+40),
	vec3(-8.65713e+40, 1.35432e+41, 4.33414e+40),
	vec3(-8.91687e+40, 1.40031e+41, 4.57138e+40),
	vec3(-9.13702e+40, 1.44007e+41, 4.78791e+40),
	vec3(-9.31615e+40, 1.4733e+41, 4.98125e+40),
	vec3(-9.45321e+40, 1.49973e+41, 5.14925e+40),
	vec3(-9.54748e+40, 1.5192e+41, 5.29011e+40),
	vec3(-9.59864e+40, 1.53157e+41, 5.40235e+40),
	vec3(-9.60674e+40, 1.5368e+41, 5.48487e+40),
	vec3(-9.57215e+40, 1.53491e+41, 5.53693e+40),
	vec3(-9.49564e+40, 1.52597e+41, 5.55816e+40),
	vec3(-9.37829e+40, 1.51011e+41, 5.54854e+40),
	vec3(-9.22151e+40, 1.48756e+41, 5.5084e+40),
	vec3(-9.02703e+40, 1.45855e+41, 5.4384e+40),
	vec3(-8.79686e+40, 1.4234e+41, 5.33957e+40),
	vec3(-8.53327e+40, 1.38249e+41, 5.21321e+40),
	vec3(-8.2388e+40, 1.33622e+41, 5.06094e+40),
	vec3(-7.91618e+40, 1.28503e+41, 4.88462e+40),
	vec3(-7.56836e+40, 1.22944e+41, 4.68639e+40),
	vec3(-7.19842e+40, 1.16995e+41, 4.46859e+40),
	vec3(-6.80961e+40, 1.10712e+41, 4.23375e+40),
	vec3(-6.40527e+40, 1.04152e+41, 3.98456e+40),
	vec3(-5.98879e+40, 9.7374e+40, 3.72385e+40),
	vec3(-5.56365e+40, 9.04381e+40, 3.45453e+40),
	vec3(-5.1333e+40, 8.34046e+40, 3.1796e+40),
	vec3(-4.70121e+40, 7.6334e+40, 2.90208e+40),
	vec3(-4.27076e+40, 6.9286e+40, 2.62497e+40),
	vec3(-3.8453e+40, 6.23194e+40, 2.35127e+40),
	vec3(-3.42804e+40, 5.54911e+40, 2.08391e+40),
	vec3(-3.02209e+40, 4.88561e+40, 1.8257e+40),
	vec3(-2.63038e+40, 4.24666e+40, 1.57937e+40),
	vec3(-2.25569e+40, 3.63718e+40, 1.34746e+40),
	vec3(-1.90057e+40, 3.06173e+40, 1.13237e+40),
	vec3(-1.56738e+40, 2.52452e+40, 9.36278e+39),
	vec3(-1.25824e+40, 2.02932e+40, 7.61159e+39),
	vec3(-9.75013e+39, 1.57945e+40, 6.08741e+39),
	vec3(-7.19315e+39, 1.17779e+40, 4.80506e+39),
	vec3(-4.92484e+39, 8.26719e+39, 3.77666e+39),
	vec3(-2.95587e+39, 5.28114e+39, 3.01161e+39),
	vec3(-1.29408e+39, 2.8335e+39, 2.51646e+39),
	vec3(5.54987e+37, 9.32849e+38, 2.29489e+39),
	vec3(1.09064e+39, -4.17368e+38, 2.34771e+39),
	vec3(1.8119e+39, -1.21878e+39, 2.67284e+39),
	vec3(2.22257e+39, -1.47801e+39, 3.26541e+39),
	vec3(2.32856e+39, -1.20653e+39, 4.11776e+39),
	vec3(2.13836e+39, -4.20476e+38, 5.21962e+39),
	vec3(1.66284e+39, 8.59578e+38, 6.55818e+39),
	vec3(9.15153e+38, 2.60887e+39, 8.11825e+39),
	vec3(-8.94106e+37, 4.79876e+39, 9.88247e+39),
	vec3(-1.33364e+39, 7.39703e+39, 1.18314e+40),
	vec3(-2.79857e+39, 1.03683e+40, 1.3944e+40),
	vec3(-4.46367e+39, 1.36743e+40, 1.61974e+40),
	vec3(-6.30711e+39, 1.72744e+40, 1.85676e+40),
	vec3(-8.30591e+39, 2.11259e+40, 2.10295e+40),
	vec3(-1.04362e+40, 2.51845e+40, 2.35571e+40),
	vec3(-1.26735e+40, 2.94049e+40, 2.61239e+40),
	vec3(-1.49928e+40, 3.3741e+40, 2.87033e+40),
	vec3(-1.73691e+40, 3.81463e+40, 3.12684e+40),
	vec3(-1.97771e+40, 4.25746e+40, 3.37929e+40),
	vec3(-2.21921e+40, 4.69804e+40, 3.62507e+40),
	vec3(-2.45897e+40, 5.13189e+40, 3.86168e+40),
	vec3(-2.69461e+40, 5.5547e+40, 4.08671e+40),
	vec3(-2.92385e+40, 5.96232e+40, 4.29787e+40),
	vec3(-3.14453e+40, 6.35082e+40, 4.49304e+40),
	vec3(-3.35458e+40, 6.71653e+40, 4.67026e+40),
	vec3(-3.5521e+40, 7.05603e+40, 4.82775e+40),
	vec3(-3.73533e+40, 7.36622e+40, 4.96396e+40),
	vec3(-3.90268e+40, 7.64433e+40, 5.07753e+40),
	vec3(-4.05274e+40, 7.88793e+40, 5.16737e+40),
	vec3(-4.18427e+40, 8.09497e+40, 5.23259e+40),
	vec3(-4.29625e+40, 8.26376e+40, 5.27259e+40),
	vec3(-4.38783e+40, 8.39301e+40, 5.287e+40),
	vec3(-4.4584e+40, 8.48182e+40, 5.27572e+40),
	vec3(-4.5075e+40, 8.52969e+40, 5.23891e+40),
	vec3(-4.53492e+40, 8.53649e+40, 5.17697e+40),
	vec3(-4.54063e+40, 8.50252e+40, 5.09056e+40),
	vec3(-4.5248e+40, 8.42842e+40, 4.98059e+40),
	vec3(-4.48777e+40, 8.31522e+40, 4.84821e+40),
	vec3(-4.43009e+40, 8.16428e+40, 4.69476e+40),
	vec3(-4.35247e+40, 7.97731e+40, 4.52181e+40),
	vec3(-4.25578e+40, 7.75631e+40, 4.33113e+40),
	vec3(-4.14104e+40, 7.50359e+40, 4.12465e+40),
	vec3(-4.00942e+40, 7.22169e+40, 3.90445e+40),
	vec3(-3.86219e+40, 6.9134e+40, 3.67276e+40),
	vec3(-3.70075e+40, 6.58169e+40, 3.43192e+40),
	vec3(-3.52657e+40, 6.22973e+40, 3.18435e+40),
	vec3(-3.34123e+40, 5.8608e+40, 2.93254e+40),
	vec3(-3.14632e+40, 5.47827e+40, 2.67904e+40),
	vec3(-2.94353e+40, 5.08562e+40, 2.42638e+40),
	vec3(-2.73453e+40, 4.68631e+40, 2.17713e+40),
	vec3(-2.52103e+40, 4.28383e+40, 1.93379e+40),
	vec3(-2.30471e+40, 3.88165e+40, 1.69884e+40),
	vec3(-2.08725e+40, 3.48314e+40, 1.47465e+40),
	vec3(-1.87028e+40, 3.09158e+40, 1.26351e+40),
	vec3(-1.65537e+40, 2.71015e+40, 1.06759e+40),
	vec3(-1.44404e+40, 2.34184e+40, 8.88924e+39),
	vec3(-1.23772e+40, 1.98947e+40, 7.29366e+39),
	vec3(-1.03776e+40, 1.65567e+40, 5.90611e+39),
	vec3(-8.4539e+39, 1.34282e+40, 4.74159e+39),
	vec3(-6.61752e+39, 1.05307e+40, 3.81305e+39),
	vec3(-4.87856e+39, 7.88298e+39, 3.13126e+39),
	vec3(-3.24588e+39, 5.50106e+39, 2.70476e+39),
	vec3(-1.72707e+39, 3.39815e+39, 2.53973e+39),
	vec3(-3.28345e+38, 1.58448e+39, 2.64e+39),
	vec3(9.45429e+38, 6.73243e+37, 3.00697e+39),
	vec3(2.09077e+39, -1.14909e+39, 3.63963e+39),
	vec3(3.10556e+39, -2.06352e+39, 4.53457e+39),
	vec3(3.98904e+39, -2.67766e+39, 5.68603e+39),
	vec3(4.74178e+39, -2.9961e+39, 7.08592e+39),
	vec3(5.36562e+39, -3.02622e+39, 8.72395e+39),
	vec3(5.86363e+39, -2.77806e+39, 1.05877e+40),
	vec3(6.24001e+39, -2.26417e+39, 1.26627e+40),
	vec3(6.50008e+39, -1.49948e+39, 1.49328e+40),
	vec3(6.65009e+39, -5.01029e+38, 1.73798e+40),
	vec3(6.69724e+39, 7.12146e+38, 1.99842e+40),
	vec3(6.64948e+39, 2.1193e+39, 2.2725e+40),
	vec3(6.51546e+39, 3.69821e+39, 2.55802e+40),
	vec3(6.30439e+39, 5.42537e+39, 2.85267e+40),
	vec3(6.02593e+39, 7.27632e+39, 3.15405e+40),
	vec3(5.69008e+39, 9.22587e+39, 3.45971e+40),
	vec3(5.30703e+39, 1.12484e+40, 3.7672e+40),
	vec3(4.88709e+39, 1.3318e+40, 4.074e+40),
	vec3(4.44051e+39, 1.54089e+40, 4.37764e+40),
	vec3(3.97741e+39, 1.74957e+40, 4.67567e+40),
	vec3(3.50766e+39, 1.95535e+40, 4.96568e+40),
	vec3(3.04077e+39, 2.15582e+40, 5.24536e+40),
	vec3(2.58576e+39, 2.3487e+40, 5.51247e+40),
	vec3(2.15113e+39, 2.53179e+40, 5.76487e+40),
	vec3(1.74471e+39, 2.70309e+40, 6.00058e+40),
	vec3(1.37362e+39, 2.86073e+40, 6.21775e+40),
	vec3(1.04419e+39, 3.00303e+40, 6.41468e+40),
	vec3(7.61925e+38, 3.12851e+40, 6.58986e+40),
	vec3(5.31404e+38, 3.23589e+40, 6.74195e+40),
	vec3(3.56301e+38, 3.32412e+40, 6.86981e+40),
	vec3(2.39326e+38, 3.39237e+40, 6.97251e+40),
	vec3(1.82224e+38, 3.44004e+40, 7.04932e+40),
	vec3(1.85765e+38, 3.46675e+40, 7.09974e+40),
	vec3(2.49756e+38, 3.47238e+40, 7.12346e+40),
	vec3(3.73057e+38, 3.45702e+40, 7.1204e+40),
	vec3(5.5361e+38, 3.421e+40, 7.09071e+40),
	vec3(7.88479e+38, 3.36486e+40, 7.03472e+40),
	vec3(1.0739e+39, 3.28936e+40, 6.95301e+40),
	vec3(1.40532e+39, 3.19546e+40, 6.84632e+40),
	vec3(1.7775e+39, 3.0843e+40, 6.71561e+40),
	vec3(2.18455e+39, 2.95721e+40, 6.562e+40),
	vec3(2.62004e+39, 2.81566e+40, 6.3868e+40),
	vec3(3.07704e+39, 2.66128e+40, 6.19148e+40),
	vec3(3.54825e+39, 2.4958e+40, 5.97762e+40),
	vec3(4.0261e+39, 2.32107e+40, 5.74697e+40),
	vec3(4.50279e+39, 2.13901e+40, 5.50138e+40),
	vec3(4.97044e+39, 1.95162e+40, 5.24277e+40),
	vec3(5.42116e+39, 1.76091e+40, 4.97317e+40),
	vec3(5.84717e+39, 1.56893e+40, 4.69465e+40),
	vec3(6.24086e+39, 1.37772e+40, 4.40933e+40),
	vec3(6.59491e+39, 1.18929e+40, 4.11936e+40),
	vec3(6.90238e+39, 1.00562e+40, 3.82688e+40),
	vec3(7.15678e+39, 8.28601e+39, 3.53401e+40),
	vec3(7.35214e+39, 6.60061e+39, 3.24287e+40),
	vec3(7.48311e+39, 5.01711e+39, 2.9555e+40),
	vec3(7.54501e+39, 3.55148e+39, 2.67389e+40),
	vec3(7.53389e+39, 2.21831e+39, 2.39994e+40),
	vec3(7.44658e+39, 1.03072e+39, 2.13546e+40),
	vec3(7.28072e+39, 1.97977e+35, 1.88215e+40),
	vec3(7.03482e+39, -8.63482e+38, 1.64158e+40),
	vec3(6.70825e+39, -1.55235e+39, 1.41519e+40),
	vec3(6.30128e+39, -2.06033e+39, 1.20428e+40),
	vec3(5.81507e+39, -2.38323e+39, 1.01e+40),
	vec3(5.25166e+39, -2.51886e+39, 8.33317e+39),
	vec3(4.61397e+39, -2.46693e+39, 6.75061e+39),
	vec3(3.90575e+39, -2.22914e+39, 5.35875e+39),
	vec3(3.13159e+39, -1.80909e+39, 4.16235e+39),
	vec3(2.29681e+39, -1.21224e+39, 3.16444e+39),
	vec3(1.40748e+39, -4.45829e+38, 2.3663e+39),
	vec3(4.70321e+38, 4.81173e+38, 1.76754e+39),
	vec3(-5.07368e+38, 1.55821e+39, 1.36606e+39),
	vec3(-1.51775e+39, 2.77324e+39, 1.15819e+39),
	vec3(-2.55256e+39, 4.11288e+39, 1.13866e+39),
	vec3(-3.60315e+39, 5.56252e+39, 1.30075e+39),
	vec3(-4.66061e+39, 7.10652e+39, 1.63633e+39),
	vec3(-5.71585e+39, 8.72837e+39, 2.13601e+39),
	vec3(-6.75969e+39, 1.04108e+40, 2.78918e+39),
	vec3(-7.78292e+39, 1.21361e+40, 3.5842e+39),
	vec3(-8.77645e+39, 1.38862e+40, 4.50847e+39),
	vec3(-9.73137e+39, 1.56427e+40, 5.54859e+39),
	vec3(-1.0639e+40, 1.73875e+40, 6.69049e+39),
	vec3(-1.14911e+40, 1.91025e+40, 7.91956e+39),
	vec3(-1.22799e+40, 2.07701e+40, 9.2208e+39),
	vec3(-1.2998e+40, 2.23731e+40, 1.0579e+40),
	vec3(-1.36386e+40, 2.38954e+40, 1.19787e+40),
	vec3(-1.41959e+40, 2.53214e+40, 1.34047e+40),
	vec3(-1.46644e+40, 2.66367e+40, 1.48418e+40),
	vec3(-1.50397e+40, 2.78281e+40, 1.62751e+40),
	vec3(-1.53181e+40, 2.88838e+40, 1.76903e+40),
	vec3(-1.54967e+40, 2.97932e+40, 1.90734e+40),
	vec3(-1.55738e+40, 3.05473e+40, 2.04112e+40),
	vec3(-1.55483e+40, 3.11388e+40, 2.16914e+40),
	vec3(-1.54202e+40, 3.15619e+40, 2.29022e+40),
	vec3(-1.51904e+40, 3.18127e+40, 2.40332e+40),
	vec3(-1.48608e+40, 3.18889e+40, 2.50746e+40),
	vec3(-1.44342e+40, 3.17899e+40, 2.6018e+40),
	vec3(-1.39144e+40, 3.15171e+40, 2.68559e+40),
	vec3(-1.33058e+40, 3.10733e+40, 2.75822e+40),
	vec3(-1.26138e+40, 3.04632e+40, 2.81918e+40),
	vec3(-1.18448e+40, 2.96931e+40, 2.86809e+40),
	vec3(-1.10055e+40, 2.87708e+40, 2.9047e+40),
	vec3(-1.01036e+40, 2.77055e+40, 2.92888e+40),
	vec3(-9.14731e+39, 2.65081e+40, 2.94062e+40),
	vec3(-8.14522e+39, 2.51903e+40, 2.94e+40),
	vec3(-7.10652e+39, 2.37654e+40, 2.92726e+40),
	vec3(-6.04069e+39, 2.22473e+40, 2.90272e+40),
	vec3(-4.95752e+39, 2.06509e+40, 2.8668e+40),
	vec3(-3.86693e+39, 1.8992e+40, 2.82003e+40),
	vec3(-2.77895e+39, 1.72866e+40, 2.76302e+40),
	vec3(-1.70362e+39, 1.55513e+40, 2.69645e+40),
	vec3(-6.50856e+38, 1.38029e+40, 2.62109e+40),
	vec3(3.69606e+38, 1.20582e+40, 2.53776e+40),
	vec3(1.34831e+39, 1.0334e+40, 2.44734e+40),
	vec3(2.27615e+39, 8.64661e+39, 2.35075e+40),
	vec3(3.14451e+39, 7.0121e+39, 2.24892e+40),
	vec3(3.94525e+39, 5.44586e+39, 2.14284e+40),
	vec3(4.67086e+39, 3.96259e+39, 2.03348e+40),
	vec3(5.31451e+39, 2.57608e+39, 1.92183e+40),
	vec3(5.87008e+39, 1.29914e+39, 1.80887e+40),
	vec3(6.33225e+39, 1.43437e+38, 1.69554e+40),
	vec3(6.69653e+39, -8.80583e+38, 1.58279e+40),
	vec3(6.95931e+39, -1.7638e+39, 1.47151e+40),
	vec3(7.11787e+39, -2.4985e+39, 1.36254e+40),
	vec3(7.17044e+39, -3.07845e+39, 1.2567e+40),
	vec3(7.11618e+39, -3.49893e+39, 1.15472e+40),
	vec3(6.95521e+39, -3.75678e+39, 1.05728e+40),
	vec3(6.68858e+39, -3.85045e+39, 9.64998e+39),
	vec3(6.31828e+39, -3.77995e+39, 8.78406e+39),
	vec3(5.84723e+39, -3.54687e+39, 7.97966e+39),
	vec3(5.27922e+39, -3.15438e+39, 7.24061e+39),
	vec3(4.61888e+39, -2.60713e+39, 6.56992e+39),
	vec3(3.87166e+39, -1.91125e+39, 5.96976e+39),
	vec3(3.04376e+39, -1.07425e+39, 5.44153e+39),
	vec3(2.14206e+39, -1.04973e+38, 4.98578e+39),
	vec3(1.1741e+39, 9.86556e+38, 4.6023e+39),
	vec3(1.47942e+38, 2.18918e+39, 4.29008e+39),
	vec3(-9.27839e+38, 3.49074e+39, 4.04742e+39),
	vec3(-2.04427e+39, 4.87823e+39, 3.8719e+39),
	vec3(-3.19207e+39, 6.33788e+39, 3.76045e+39),
	vec3(-4.36169e+39, 7.85531e+39, 3.70942e+39),
	vec3(-5.54344e+39, 9.4157e+39, 3.71462e+39),
	vec3(-6.72759e+39, 1.10039e+40, 3.77139e+39),
	vec3(-7.90439e+39, 1.26046e+40, 3.87466e+39),
	vec3(-9.06422e+39, 1.42025e+40, 4.01902e+39),
	vec3(-1.01977e+40, 1.57823e+40, 4.19878e+39),
	vec3(-1.12956e+40, 1.73291e+40, 4.40807e+39),
	vec3(-1.23492e+40, 1.88285e+40, 4.6409e+39),
	vec3(-1.33501e+40, 2.02664e+40, 4.89123e+39),
	vec3(-1.42905e+40, 2.16295e+40, 5.15302e+39),
	vec3(-1.51632e+40, 2.29055e+40, 5.42035e+39),
	vec3(-1.59614e+40, 2.40826e+40, 5.68745e+39),
	vec3(-1.66792e+40, 2.51505e+40, 5.94877e+39),
	vec3(-1.73115e+40, 2.60996e+40, 6.19907e+39),
	vec3(-1.78537e+40, 2.69217e+40, 6.43342e+39),
	vec3(-1.83024e+40, 2.761e+40, 6.6473e+39),
	vec3(-1.86546e+40, 2.81587e+40, 6.83663e+39),
	vec3(-1.89086e+40, 2.85636e+40, 6.99782e+39),
	vec3(-1.90633e+40, 2.88219e+40, 7.12777e+39),
	vec3(-1.91184e+40, 2.89322e+40, 7.22394e+39),
	vec3(-1.90748e+40, 2.88944e+40, 7.28435e+39),
	vec3(-1.89339e+40, 2.87098e+40, 7.30759e+39),
	vec3(-1.86981e+40, 2.83814e+40, 7.29284e+39),
	vec3(-1.83707e+40, 2.79132e+40, 7.23984e+39),
	vec3(-1.79555e+40, 2.73106e+40, 7.14895e+39),
	vec3(-1.74573e+40, 2.65804e+40, 7.02105e+39),
	vec3(-1.68815e+40, 2.57302e+40, 6.85758e+39),
	vec3(-1.62339e+40, 2.47691e+40, 6.66051e+39),
	vec3(-1.55213e+40, 2.3707e+40, 6.43227e+39),
	vec3(-1.47505e+40, 2.25544e+40, 6.17575e+39),
	vec3(-1.39292e+40, 2.13231e+40, 5.89426e+39),
	vec3(-1.30651e+40, 2.00251e+40, 5.59144e+39),
	vec3(-1.21664e+40, 1.86733e+40, 5.27128e+39),
	vec3(-1.12414e+40, 1.72806e+40, 4.93798e+39),
	vec3(-1.02986e+40, 1.58605e+40, 4.59599e+39),
	vec3(-9.34653e+39, 1.44265e+40, 4.24987e+39),
	vec3(-8.39367e+39, 1.29921e+40, 3.90428e+39),
	vec3(-7.44843e+39, 1.15707e+40, 3.5639e+39),
	vec3(-6.51904e+39, 1.01756e+40, 3.23339e+39),
	vec3(-5.61349e+39, 8.81946e+39, 2.9173e+39),
	vec3(-4.73944e+39, 7.51462e+39, 2.62004e+39),
	vec3(-3.90418e+39, 6.27278e+39, 2.34583e+39),
	vec3(-3.11454e+39, 5.1049e+39, 2.09861e+39),
	vec3(-2.37686e+39, 4.02116e+39, 1.88203e+39),
	vec3(-1.69691e+39, 3.03079e+39, 1.69939e+39),
	vec3(-1.07989e+39, 2.14207e+39, 1.5536e+39),
	vec3(-5.30316e+38, 1.36222e+39, 1.44713e+39),
	vec3(-5.2067e+37, 6.97313e+38, 1.38201e+39),
	vec3(3.517e+38, 1.52283e+38, 1.35978e+39),
	vec3(6.78549e+38, -2.69155e+38, 1.38147e+39),
	vec3(9.26779e+38, -5.64513e+38, 1.4476e+39),
	vec3(1.09543e+39, -7.32546e+38, 1.55815e+39),
	vec3(1.18431e+39, -7.73256e+38, 1.71258e+39),
	vec3(1.19392e+39, -6.87877e+38, 1.90984e+39),
	vec3(1.12553e+39, -4.78852e+38, 2.14833e+39),
	vec3(9.8108e+38, -1.49804e+38, 2.42598e+39),
	vec3(7.63215e+38, 2.94516e+38, 2.74024e+39),
	vec3(4.75209e+38, 8.4828e+38, 3.08809e+39),
	vec3(1.20948e+38, 1.50465e+39, 3.46612e+39),
	vec3(-2.95117e+38, 2.25586e+39, 3.87053e+39),
	vec3(-7.68017e+38, 3.0933e+39, 4.29716e+39),
	vec3(-1.29232e+39, 4.00757e+39, 4.7416e+39),
	vec3(-1.86218e+39, 4.98863e+39, 5.19915e+39),
	vec3(-2.47141e+39, 6.0259e+39, 5.66495e+39),
	vec3(-3.11352e+39, 7.10832e+39, 6.134e+39),
	vec3(-3.7818e+39, 8.22449e+39, 6.6012e+39),
	vec3(-4.46938e+39, 9.3628e+39, 7.06144e+39),
	vec3(-5.16927e+39, 1.05115e+40, 7.50965e+39),
	vec3(-5.87449e+39, 1.16589e+40, 7.94083e+39),
	vec3(-6.57805e+39, 1.27934e+40, 8.35017e+39),
	vec3(-7.27308e+39, 1.39035e+40, 8.73302e+39),
	vec3(-7.95285e+39, 1.49783e+40, 9.08502e+39),
	vec3(-8.61086e+39, 1.60071e+40, 9.40211e+39),
	vec3(-9.24087e+39, 1.69798e+40, 9.68058e+39),
	vec3(-9.83698e+39, 1.7887e+40, 9.91714e+39),
	vec3(-1.03936e+40, 1.872e+40, 1.01089e+40),
	vec3(-1.09058e+40, 1.94707e+40, 1.02536e+40),
	vec3(-1.13686e+40, 2.01322e+40, 1.03493e+40),
	vec3(-1.17782e+40, 2.06982e+40, 1.03947e+40),
	vec3(-1.21307e+40, 2.11636e+40, 1.03891e+40),
	vec3(-1.24231e+40, 2.15242e+40, 1.03322e+40),
	vec3(-1.26529e+40, 2.17768e+40, 1.02245e+40),
	vec3(-1.28181e+40, 2.19194e+40, 1.00669e+40),
	vec3(-1.29175e+40, 2.1951e+40, 9.86104e+39),
	vec3(-1.29503e+40, 2.18715e+40, 9.60907e+39),
	vec3(-1.29163e+40, 2.16822e+40, 9.31368e+39),
	vec3(-1.28159e+40, 2.13852e+40, 8.97811e+39),
	vec3(-1.26503e+40, 2.09837e+40, 8.60612e+39),
	vec3(-1.24208e+40, 2.04817e+40, 8.20193e+39),
	vec3(-1.21296e+40, 1.98843e+40, 7.77021e+39),
	vec3(-1.17792e+40, 1.91974e+40, 7.31603e+39),
	vec3(-1.13727e+40, 1.84276e+40, 6.84482e+39),
	vec3(-1.09135e+40, 1.75824e+40, 6.36228e+39),
	vec3(-1.04055e+40, 1.66697e+40, 5.87438e+39),
	vec3(-9.85291e+39, 1.56982e+40, 5.38727e+39),
	vec3(-9.26014e+39, 1.46767e+40, 4.90724e+39),
	vec3(-8.63194e+39, 1.36148e+40, 4.44061e+39),
	vec3(-7.97325e+39, 1.2522e+40, 3.99375e+39),
	vec3(-7.28916e+39, 1.14082e+40, 3.57294e+39),
	vec3(-6.58484e+39, 1.02833e+40, 3.18436e+39),
	vec3(-5.86552e+39, 9.15706e+39, 2.83399e+39),
	vec3(-5.13644e+39, 8.03934e+39, 2.52756e+39),
	vec3(-4.40276e+39, 6.93963e+39, 2.27051e+39),
	vec3(-3.66956e+39, 5.86715e+39, 2.0679e+39),
	vec3(-2.94178e+39, 4.83073e+39, 1.9244e+39),
	vec3(-2.22416e+39, 3.83871e+39, 1.8442e+39),
	vec3(-1.52121e+39, 2.8989e+39, 1.83095e+39),
	vec3(-8.37185e+38, 2.01845e+39, 1.8878e+39),
	vec3(-1.76024e+38, 1.20386e+39, 2.01727e+39),
	vec3(4.58654e+38, 4.60864e+38, 2.22127e+39),
	vec3(1.06359e+39, -2.05582e+38, 2.50106e+39),
	vec3(1.63591e+39, -7.9136e+38, 2.85724e+39),
	vec3(2.17313e+39, -1.29321e+39, 3.28972e+39),
	vec3(2.67317e+39, -1.70875e+39, 3.79772e+39),
	vec3(3.1344e+39, -2.03649e+39, 4.37978e+39),
	vec3(3.55558e+39, -2.27586e+39, 5.03375e+39),
	vec3(3.93591e+39, -2.42714e+39, 5.75681e+39),
	vec3(4.27501e+39, -2.49152e+39, 6.54549e+39),
	vec3(4.57291e+39, -2.47104e+39, 7.39567e+39),
	vec3(4.83002e+39, -2.36854e+39, 8.30265e+39),
	vec3(5.04717e+39, -2.18767e+39, 9.26116e+39),
	vec3(5.2255e+39, -1.93279e+39, 1.02654e+40),
	vec3(5.36652e+39, -1.60895e+39, 1.13091e+40),
	vec3(5.47204e+39, -1.22181e+39, 1.23856e+40),
	vec3(5.54415e+39, -7.77609e+38, 1.34877e+40),
	vec3(5.58518e+39, -2.83033e+38, 1.46082e+40),
	vec3(5.59767e+39, 2.54808e+38, 1.57394e+40),
	vec3(5.58434e+39, 8.2848e+38, 1.68733e+40),
	vec3(5.54804e+39, 1.43031e+39, 1.80022e+40),
	vec3(5.49175e+39, 2.05244e+39, 1.91179e+40),
	vec3(5.41847e+39, 2.68697e+39, 2.02125e+40),
	vec3(5.33125e+39, 3.32598e+39, 2.12781e+40),
	vec3(5.23311e+39, 3.96165e+39, 2.23069e+40),
	vec3(5.12704e+39, 4.58632e+39, 2.32913e+40),
	vec3(5.01593e+39, 5.19259e+39, 2.42241e+40),
	vec3(4.90254e+39, 5.77337e+39, 2.50983e+40),
	vec3(4.7895e+39, 6.32198e+39, 2.59073e+40),
	vec3(4.67923e+39, 6.8322e+39, 2.66451e+40),
	vec3(4.57396e+39, 7.29833e+39, 2.73062e+40),
	vec3(4.4757e+39, 7.71525e+39, 2.78853e+40),
	vec3(4.38616e+39, 8.07847e+39, 2.83783e+40),
	vec3(4.30684e+39, 8.38415e+39, 2.87811e+40),
	vec3(4.2389e+39, 8.62919e+39, 2.90908e+40),
	vec3(4.18323e+39, 8.81118e+39, 2.93048e+40),
	vec3(4.14042e+39, 8.9285e+39, 2.94214e+40),
	vec3(4.11075e+39, 8.98024e+39, 2.94397e+40),
	vec3(4.09419e+39, 8.9663e+39, 2.93594e+40),
	vec3(4.09042e+39, 8.88732e+39, 2.91809e+40),
	vec3(4.09883e+39, 8.74467e+39, 2.89055e+40),
	vec3(4.11852e+39, 8.54046e+39, 2.8535e+40),
	vec3(4.14834e+39, 8.2775e+39, 2.80722e+40),
	vec3(4.18687e+39, 7.95923e+39, 2.75203e+40),
	vec3(4.2325e+39, 7.58975e+39, 2.68833e+40),
	vec3(4.28339e+39, 7.1737e+39, 2.61657e+40),
	vec3(4.33754e+39, 6.71623e+39, 2.53728e+40),
	vec3(4.3928e+39, 6.22298e+39, 2.45102e+40),
	vec3(4.44691e+39, 5.69994e+39, 2.35841e+40),
	vec3(4.49752e+39, 5.15347e+39, 2.26011e+40),
	vec3(4.54223e+39, 4.59015e+39, 2.15682e+40),
	vec3(4.57862e+39, 4.01675e+39, 2.04928e+40),
	vec3(4.60428e+39, 3.44016e+39, 1.93824e+40),
	vec3(4.61687e+39, 2.86729e+39, 1.82447e+40),
	vec3(4.61411e+39, 2.30502e+39, 1.70877e+40),
	vec3(4.59383e+39, 1.7601e+39, 1.59193e+40),
	vec3(4.55404e+39, 1.23911e+39, 1.47475e+40),
	vec3(4.49288e+39, 7.48352e+38, 1.35801e+40),
	vec3(4.40872e+39, 2.93812e+38, 1.24251e+40),
	vec3(4.30014e+39, -1.18917e+38, 1.12899e+40),
	vec3(4.16598e+39, -4.8469e+38, 1.01819e+40),
	vec3(4.00535e+39, -7.98867e+38, 9.10809e+39),
	vec3(3.81764e+39, -1.05736e+39, 8.07522e+39),
	vec3(3.60254e+39, -1.25668e+39, 7.08953e+39),
	vec3(3.36006e+39, -1.39396e+39, 6.15684e+39),
	vec3(3.09051e+39, -1.46702e+39, 5.28247e+39),
	vec3(2.79454e+39, -1.47433e+39, 4.47121e+39),
	vec3(2.47312e+39, -1.41509e+39, 3.72727e+39),
	vec3(2.12752e+39, -1.2892e+39, 3.05429e+39),
	vec3(1.75934e+39, -1.09726e+39, 2.45527e+39),
	vec3(1.37046e+39, -8.40607e+38, 1.93261e+39),
	vec3(9.63054e+38, -5.21232e+38, 1.48803e+39),
	vec3(5.39573e+38, -1.41816e+38, 1.12263e+39),
	vec3(1.02701e+38, 2.94321e+38, 8.36863e+38),
	vec3(-3.44651e+38, 7.83252e+38, 6.30533e+38),
	vec3(-7.99376e+38, 1.32048e+39, 5.02822e+38),
	vec3(-1.2582e+39, 1.90099e+39, 4.52299e+38),
	vec3(-1.71771e+39, 2.51929e+39, 4.76942e+38),
	vec3(-2.17438e+39, 3.16948e+39, 5.74172e+38),
	vec3(-2.62464e+39, 3.84531e+39, 7.40872e+38),
	vec3(-3.06487e+39, 4.54022e+39, 9.73436e+38),
	vec3(-3.49143e+39, 5.24745e+39, 1.2678e+39),
	vec3(-3.90077e+39, 5.96008e+39, 1.61947e+39),
	vec3(-4.28935e+39, 6.6711e+39, 2.02362e+39),
	vec3(-4.6538e+39, 7.3735e+39, 2.47506e+39),
	vec3(-4.99087e+39, 8.06031e+39, 2.96836e+39),
	vec3(-5.29747e+39, 8.72471e+39, 3.49786e+39),
	vec3(-5.57076e+39, 9.36007e+39, 4.05774e+39),
	vec3(-5.80813e+39, 9.96002e+39, 4.64205e+39),
	vec3(-6.00724e+39, 1.05185e+40, 5.24479e+39),
	vec3(-6.16605e+39, 1.103e+40, 5.85997e+39),
	vec3(-6.28285e+39, 1.14892e+40, 6.48161e+39),
	vec3(-6.35626e+39, 1.18914e+40, 7.10386e+39),
	vec3(-6.38529e+39, 1.22325e+40, 7.72098e+39),
	vec3(-6.3693e+39, 1.2509e+40, 8.32745e+39),
	vec3(-6.30805e+39, 1.27179e+40, 8.91797e+39),
	vec3(-6.20169e+39, 1.2857e+40, 9.48752e+39),
	vec3(-6.05077e+39, 1.29247e+40, 1.00314e+40),
	vec3(-5.85624e+39, 1.292e+40, 1.05452e+40),
	vec3(-5.61944e+39, 1.28429e+40, 1.1025e+40),
	vec3(-5.34208e+39, 1.26937e+40, 1.14672e+40),
	vec3(-5.02627e+39, 1.24738e+40, 1.18687e+40),
	vec3(-4.67447e+39, 1.2185e+40, 1.22267e+40),
	vec3(-4.28945e+39, 1.183e+40, 1.2539e+40),
	vec3(-3.87433e+39, 1.14119e+40, 1.28037e+40),
	vec3(-3.43251e+39, 1.09345e+40, 1.30197e+40),
	vec3(-2.96763e+39, 1.04023e+40, 1.3186e+40),
	vec3(-2.4836e+39, 9.82032e+39, 1.33023e+40),
	vec3(-1.98448e+39, 9.19386e+39, 1.33686e+40),
	vec3(-1.47454e+39, 8.52882e+39, 1.33855e+40),
	vec3(-9.58129e+38, 7.83145e+39, 1.33538e+40),
	vec3(-4.39707e+38, 7.10828e+39, 1.3275e+40),
	vec3(7.62289e+37, 6.3661e+39, 1.31508e+40),
	vec3(5.85175e+38, 5.6119e+39, 1.29833e+40),
	vec3(1.08266e+39, 4.85277e+39, 1.27748e+40),
	vec3(1.5643e+39, 4.09583e+39, 1.25282e+40),
	vec3(2.02582e+39, 3.34819e+39, 1.22463e+40),
	vec3(2.46309e+39, 2.61687e+39, 1.19324e+40),
	vec3(2.87218e+39, 1.90872e+39, 1.15898e+40),
	vec3(3.2494e+39, 1.23036e+39, 1.12221e+40),
	vec3(3.5913e+39, 5.88132e+38, 1.08328e+40),
	vec3(3.89474e+39, -1.19885e+37, 1.04258e+40),
	vec3(4.15691e+39, -5.64431e+38, 1.00048e+40),
	vec3(4.37531e+39, -1.06409e+39, 9.57339e+39),
	vec3(4.54786e+39, -1.50637e+39, 9.13542e+39),
	vec3(4.67285e+39, -1.88722e+39, 8.69445e+39),
	vec3(4.74897e+39, -2.20321e+39, 8.254e+39),
	vec3(4.77535e+39, -2.45151e+39, 7.81744e+39),
	vec3(4.75152e+39, -2.62994e+39, 7.38796e+39),
	vec3(4.67747e+39, -2.73701e+39, 6.96857e+39),
	vec3(4.55362e+39, -2.77188e+39, 6.56203e+39),
	vec3(4.38081e+39, -2.73444e+39, 6.17089e+39),
	vec3(4.1603e+39, -2.62523e+39, 5.79741e+39),
	vec3(3.89377e+39, -2.44549e+39, 5.44358e+39),
	vec3(3.58331e+39, -2.19713e+39, 5.11113e+39),
	vec3(3.23137e+39, -1.8827e+39, 4.80145e+39),
	vec3(2.84076e+39, -1.50536e+39, 4.51565e+39),
	vec3(2.41461e+39, -1.06888e+39, 4.25455e+39),
	vec3(1.95639e+39, -5.77555e+38, 4.01864e+39),
	vec3(1.46981e+39, -3.61995e+37, 3.80815e+39),
	vec3(9.58823e+38, 5.49916e+38, 3.62298e+39),
	vec3(4.2759e+38, 1.17512e+39, 3.46279e+39),
	vec3(-1.19561e+38, 1.83338e+39, 3.32696e+39),
	vec3(-6.78178e+38, 2.5184e+39, 3.21462e+39),
	vec3(-1.24372e+39, 3.22362e+39, 3.12468e+39),
	vec3(-1.81161e+39, 3.94235e+39, 3.05584e+39),
	vec3(-2.37724e+39, 4.66777e+39, 3.00663e+39),
	vec3(-2.93607e+39, 5.39307e+39, 2.97538e+39),
	vec3(-3.48361e+39, 6.11142e+39, 2.96033e+39),
	vec3(-4.01551e+39, 6.81613e+39, 2.95957e+39),
	vec3(-4.52755e+39, 7.50066e+39, 2.97115e+39),
	vec3(-5.01573e+39, 8.15869e+39, 2.99302e+39),
	vec3(-5.47624e+39, 8.78419e+39, 3.02314e+39),
	vec3(-5.90556e+39, 9.37148e+39, 3.05944e+39),
	vec3(-6.30045e+39, 9.91525e+39, 3.09989e+39),
	vec3(-6.65799e+39, 1.04107e+40, 3.14251e+39),
	vec3(-6.9756e+39, 1.08534e+40, 3.18538e+39),
	vec3(-7.25107e+39, 1.12395e+40, 3.22669e+39),
	vec3(-7.48257e+39, 1.15658e+40, 3.26475e+39),
	vec3(-7.66866e+39, 1.18297e+40, 3.29798e+39),
	vec3(-7.80833e+39, 1.2029e+40, 3.32499e+39),
	vec3(-7.90095e+39, 1.21623e+40, 3.34453e+39),
	vec3(-7.94635e+39, 1.22288e+40, 3.35555e+39),
	vec3(-7.94474e+39, 1.22285e+40, 3.35718e+39),
	vec3(-7.89677e+39, 1.21617e+40, 3.34874e+39),
	vec3(-7.80347e+39, 1.20297e+40, 3.32977e+39),
	vec3(-7.6663e+39, 1.18342e+40, 3.3e+39),
	vec3(-7.48706e+39, 1.15775e+40, 3.25938e+39),
	vec3(-7.26794e+39, 1.12627e+40, 3.20805e+39),
	vec3(-7.01144e+39, 1.08931e+40, 3.14634e+39),
	vec3(-6.72039e+39, 1.04728e+40, 3.07478e+39),
	vec3(-6.3979e+39, 1.00062e+40, 2.99407e+39),
	vec3(-6.04734e+39, 9.49821e+39, 2.90508e+39),
	vec3(-5.67228e+39, 8.95402e+39, 2.80882e+39),
	vec3(-5.2765e+39, 8.3792e+39, 2.70645e+39),
	vec3(-4.86393e+39, 7.77957e+39, 2.59924e+39),
	vec3(-4.43861e+39, 7.16114e+39, 2.48854e+39),
	vec3(-4.00465e+39, 6.53006e+39, 2.3758e+39),
	vec3(-3.56622e+39, 5.89258e+39, 2.26252e+39),
	vec3(-3.12745e+39, 5.25493e+39, 2.15022e+39),
	vec3(-2.69249e+39, 4.62335e+39, 2.04046e+39),
	vec3(-2.26536e+39, 4.00393e+39, 1.93477e+39),
	vec3(-1.85e+39, 3.40263e+39, 1.83464e+39),
	vec3(-1.4502e+39, 2.82517e+39, 1.74153e+39),
	vec3(-1.06956e+39, 2.27701e+39, 1.65682e+39),
	vec3(-7.1147e+38, 1.76329e+39, 1.58178e+39),
	vec3(-3.79078e+38, 1.28876e+39, 1.5176e+39),
	vec3(-7.52648e+37, 8.57749e+38, 1.4653e+39),
	vec3(1.97385e+38, 4.74148e+38, 1.4258e+39),
	vec3(4.36603e+38, 1.41338e+38, 1.39984e+39),
	vec3(6.40455e+38, -1.37817e+38, 1.38799e+39),
	vec3(8.07355e+38, -3.61006e+38, 1.39064e+39),
	vec3(9.3608e+38, -5.26485e+38, 1.40801e+39),
	vec3(1.02578e+39, -6.33092e+38, 1.44013e+39),
	vec3(1.07597e+39, -6.80256e+38, 1.48682e+39),
	vec3(1.08656e+39, -6.67999e+38, 1.54771e+39),
	vec3(1.05783e+39, -5.96931e+38, 1.62227e+39),
	vec3(9.90403e+38, -4.68244e+38, 1.70976e+39),
	vec3(8.85302e+38, -2.83691e+38, 1.80926e+39),
	vec3(7.43876e+38, -4.55723e+37, 1.9197e+39),
	vec3(5.67813e+38, 2.43295e+38, 2.03985e+39),
	vec3(3.59118e+38, 5.79606e+38, 2.16833e+39),
	vec3(1.20088e+38, 9.59603e+38, 2.30364e+39),
	vec3(-1.46706e+38, 1.37911e+39, 2.44418e+39),
	vec3(-4.38449e+38, 1.8336e+39, 2.58825e+39),
	vec3(-7.5211e+38, 2.3182e+39, 2.73409e+39),
	vec3(-1.08447e+39, 2.82777e+39, 2.87989e+39),
	vec3(-1.43214e+39, 3.35696e+39, 3.02382e+39),
	vec3(-1.79163e+39, 3.90024e+39, 3.16404e+39),
	vec3(-2.15933e+39, 4.45198e+39, 3.29874e+39),
	vec3(-2.53161e+39, 5.00647e+39, 3.42615e+39),
	vec3(-2.90477e+39, 5.55803e+39, 3.54459e+39),
	vec3(-3.27515e+39, 6.101e+39, 3.65245e+39),
	vec3(-3.63913e+39, 6.62987e+39, 3.74824e+39),
	vec3(-3.99315e+39, 7.13927e+39, 3.83061e+39),
	vec3(-4.33377e+39, 7.62404e+39, 3.89836e+39),
	vec3(-4.65767e+39, 8.0793e+39, 3.95048e+39),
	vec3(-4.96173e+39, 8.50047e+39, 3.98613e+39),
	vec3(-5.24298e+39, 8.88332e+39, 4.00468e+39),
	vec3(-5.49869e+39, 9.22404e+39, 4.00574e+39),
	vec3(-5.72637e+39, 9.5192e+39, 3.98912e+39),
	vec3(-5.92377e+39, 9.76586e+39, 3.9549e+39),
	vec3(-6.08895e+39, 9.96156e+39, 3.90336e+39),
	vec3(-6.22022e+39, 1.01043e+40, 3.83507e+39),
	vec3(-6.31622e+39, 1.01927e+40, 3.75083e+39),
	vec3(-6.37588e+39, 1.02258e+40, 3.65167e+39),
	vec3(-6.39848e+39, 1.02033e+40, 3.53888e+39),
	vec3(-6.38358e+39, 1.01253e+40, 3.41397e+39),
	vec3(-6.33108e+39, 9.9924e+39, 3.27867e+39),
	vec3(-6.24119e+39, 9.80592e+39, 3.13492e+39),
	vec3(-6.11442e+39, 9.56753e+39, 2.98487e+39),
	vec3(-5.9516e+39, 9.27942e+39, 2.8308e+39),
	vec3(-5.75383e+39, 8.94422e+39, 2.67519e+39),
	vec3(-5.52249e+39, 8.56502e+39, 2.52062e+39),
	vec3(-5.25921e+39, 8.14528e+39, 2.3698e+39),
	vec3(-4.96587e+39, 7.6888e+39, 2.2255e+39),
	vec3(-4.64455e+39, 7.19974e+39, 2.09057e+39),
	vec3(-4.29755e+39, 6.68249e+39, 1.96786e+39),
	vec3(-3.92731e+39, 6.1417e+39, 1.86024e+39),
	vec3(-3.53644e+39, 5.58216e+39, 1.77053e+39),
	vec3(-3.12765e+39, 5.00882e+39, 1.70151e+39),
	vec3(-2.70377e+39, 4.42671e+39, 1.65584e+39),
	vec3(-2.26765e+39, 3.84087e+39, 1.63609e+39),
	vec3(-1.82223e+39, 3.25633e+39, 1.64466e+39),
	vec3(-1.37042e+39, 2.67805e+39, 1.68379e+39),
	vec3(-9.15127e+38, 2.11086e+39, 1.75549e+39),
	vec3(-4.59224e+38, 1.55944e+39, 1.86156e+39),
	vec3(-5.50659e+36, 1.02825e+39, 2.00356e+39),
	vec3(4.43321e+38, 5.21503e+38, 2.18275e+39),
	vec3(8.84667e+38, 4.31059e+37, 2.40012e+39),
	vec3(1.31608e+39, -4.03351e+38, 2.65633e+39),
	vec3(1.73525e+39, -8.14643e+38, 2.95173e+39),
	vec3(2.14006e+39, -1.18794e+39, 3.28634e+39),
	vec3(2.52857e+39, -1.52081e+39, 3.65983e+39),
	vec3(2.89903e+39, -1.81127e+39, 4.07151e+39),
	vec3(3.24993e+39, -2.05779e+39, 4.52038e+39),
	vec3(3.57995e+39, -2.25929e+39, 5.00504e+39),
	vec3(3.888e+39, -2.41516e+39, 5.52379e+39),
	vec3(4.17325e+39, -2.52525e+39, 6.07457e+39),
	vec3(4.43506e+39, -2.58987e+39, 6.655e+39),
	vec3(4.67304e+39, -2.60982e+39, 7.26239e+39),
	vec3(4.88702e+39, -2.58629e+39, 7.89375e+39),
	vec3(5.07705e+39, -2.52092e+39, 8.54582e+39),
	vec3(5.24338e+39, -2.41575e+39, 9.2151e+39),
	vec3(5.38648e+39, -2.2732e+39, 9.89783e+39),
	vec3(5.50699e+39, -2.09603e+39, 1.05901e+40),
	vec3(5.60573e+39, -1.8873e+39, 1.12877e+40),
	vec3(5.68368e+39, -1.65038e+39, 1.19866e+40),
	vec3(5.74194e+39, -1.38884e+39, 1.26822e+40),
	vec3(5.78177e+39, -1.10647e+39, 1.33702e+40),
	vec3(5.8045e+39, -8.07219e+38, 1.40462e+40),
	vec3(5.81155e+39, -4.95133e+38, 1.47056e+40),
	vec3(5.80441e+39, -1.7433e+38, 1.5344e+40),
	vec3(5.78461e+39, 1.51048e+38, 1.59572e+40),
	vec3(5.75369e+39, 4.76886e+38, 1.65408e+40),
	vec3(5.71322e+39, 7.99136e+38, 1.70907e+40),
	vec3(5.6647e+39, 1.11386e+39, 1.76031e+40),
	vec3(5.60965e+39, 1.41728e+39, 1.80742e+40),
	vec3(5.54949e+39, 1.70581e+39, 1.85006e+40),
	vec3(5.48557e+39, 1.97608e+39, 1.88791e+40),
	vec3(5.41916e+39, 2.225e+39, 1.92067e+40),
	vec3(5.35144e+39, 2.44979e+39, 1.94811e+40),
	vec3(5.28342e+39, 2.64798e+39, 1.96998e+40),
	vec3(5.21604e+39, 2.81746e+39, 1.98612e+40),
	vec3(5.15006e+39, 2.95648e+39, 1.99637e+40),
	vec3(5.08609e+39, 3.0637e+39, 2.00064e+40),
	vec3(5.02463e+39, 3.13816e+39, 1.99886e+40),
	vec3(4.96596e+39, 3.17934e+39, 1.991e+40),
	vec3(4.91027e+39, 3.18712e+39, 1.9771e+40),
	vec3(4.85753e+39, 3.16178e+39, 1.9572e+40),
	vec3(4.8076e+39, 3.10403e+39, 1.93143e+40),
	vec3(4.76017e+39, 3.01498e+39, 1.89993e+40),
	vec3(4.7148e+39, 2.8961e+39, 1.86289e+40),
	vec3(4.6709e+39, 2.74927e+39, 1.82052e+40),
	vec3(4.62776e+39, 2.57668e+39, 1.7731e+40),
	vec3(4.58457e+39, 2.38085e+39, 1.72093e+40),
	vec3(4.54042e+39, 2.16461e+39, 1.66434e+40),
	vec3(4.4943e+39, 1.93101e+39, 1.6037e+40),
	vec3(4.44516e+39, 1.68338e+39, 1.53938e+40),
	vec3(4.39187e+39, 1.42518e+39, 1.47182e+40),
	vec3(4.3333e+39, 1.16005e+39, 1.40144e+40),
	vec3(4.26829e+39, 8.91744e+38, 1.32871e+40),
	vec3(4.19568e+39, 6.24058e+38, 1.25409e+40),
	vec3(4.11434e+39, 3.60824e+38, 1.17807e+40),
	vec3(4.02319e+39, 1.05852e+38, 1.10113e+40),
	vec3(3.92121e+39, -1.37111e+38, 1.02376e+40),
	vec3(3.80744e+39, -3.64425e+38, 9.46459e+39),
	vec3(3.68104e+39, -5.72593e+38, 8.69709e+39),
	vec3(3.54128e+39, -7.58307e+38, 7.93989e+39),
	vec3(3.38754e+39, -9.18479e+38, 7.19768e+39),
	vec3(3.21936e+39, -1.05028e+39, 6.47497e+39),
	vec3(3.03642e+39, -1.15117e+39, 5.77609e+39),
	vec3(2.83856e+39, -1.21894e+39, 5.10518e+39),
	vec3(2.62582e+39, -1.25171e+39, 4.46609e+39),
	vec3(2.39839e+39, -1.24798e+39, 3.86243e+39),
	vec3(2.15665e+39, -1.20664e+39, 3.29748e+39),
	vec3(1.90117e+39, -1.12698e+39, 2.77422e+39),
	vec3(1.6327e+39, -1.00869e+39, 2.29526e+39),
	vec3(1.35219e+39, -8.51893e+38, 1.86289e+39),
	vec3(1.06075e+39, -6.57135e+38, 1.47897e+39),
	vec3(7.59673e+38, -4.2537e+38, 1.14503e+39),
	vec3(4.50427e+38, -1.57968e+38, 8.62155e+38),
	vec3(1.34623e+38, 1.43304e+38, 6.3107e+38),
	vec3(-1.85976e+38, 4.76292e+38, 4.52086e+38),
	vec3(-5.09483e+38, 8.38482e+38, 3.25121e+38),
	vec3(-8.33892e+38, 1.22702e+39, 2.49704e+38),
	vec3(-1.1571e+39, 1.63873e+39, 2.24983e+38),
	vec3(-1.47694e+39, 2.07016e+39, 2.49737e+38),
	vec3(-1.79116e+39, 2.51761e+39, 3.22393e+38),
	vec3(-2.0975e+39, 2.97717e+39, 4.4104e+38),
	vec3(-2.39367e+39, 3.44474e+39, 6.03454e+38),
	vec3(-2.67739e+39, 3.91611e+39, 8.07118e+38),
	vec3(-2.9464e+39, 4.38695e+39, 1.04924e+39),
	vec3(-3.19851e+39, 4.85291e+39, 1.32681e+39),
	vec3(-3.43159e+39, 5.30963e+39, 1.63658e+39),
	vec3(-3.64364e+39, 5.75276e+39, 1.97512e+39),
	vec3(-3.83273e+39, 6.17807e+39, 2.33888e+39),
	vec3(-3.99711e+39, 6.58145e+39, 2.72416e+39),
	vec3(-4.13518e+39, 6.95894e+39, 3.12717e+39),
	vec3(-4.24553e+39, 7.3068e+39, 3.5441e+39),
	vec3(-4.32692e+39, 7.62155e+39, 3.97108e+39),
	vec3(-4.37834e+39, 7.89999e+39, 4.40428e+39),
	vec3(-4.39902e+39, 8.13923e+39, 4.83988e+39),
	vec3(-4.38841e+39, 8.33672e+39, 5.27417e+39),
	vec3(-4.34621e+39, 8.49032e+39, 5.70351e+39),
	vec3(-4.27239e+39, 8.59827e+39, 6.12442e+39),
	vec3(-4.16717e+39, 8.65922e+39, 6.53354e+39),
	vec3(-4.03103e+39, 8.67226e+39, 6.92773e+39),
	vec3(-3.86472e+39, 8.63696e+39, 7.30402e+39),
	vec3(-3.66925e+39, 8.55329e+39, 7.65969e+39),
	vec3(-3.4459e+39, 8.42171e+39, 7.99225e+39),
	vec3(-3.19618e+39, 8.24314e+39, 8.29947e+39),
	vec3(-2.92184e+39, 8.01892e+39, 8.57939e+39),
	vec3(-2.62488e+39, 7.75086e+39, 8.83033e+39),
	vec3(-2.3075e+39, 7.44115e+39, 9.05091e+39),
	vec3(-1.97209e+39, 7.09243e+39, 9.24001e+39),
	vec3(-1.62122e+39, 6.70768e+39, 9.39685e+39),
	vec3(-1.25763e+39, 6.29026e+39, 9.52091e+39),
	vec3(-8.84191e+38, 5.84383e+39, 9.61197e+39),
	vec3(-5.0388e+38, 5.37235e+39, 9.67011e+39),
	vec3(-1.19767e+38, 4.88002e+39, 9.69566e+39),
	vec3(2.65017e+38, 4.37125e+39, 9.68924e+39),
	vec3(6.47309e+38, 3.85065e+39, 9.65171e+39),
	vec3(1.02394e+39, 3.32292e+39, 9.58417e+39),
	vec3(1.39175e+39, 2.79284e+39, 9.48794e+39),
	vec3(1.74763e+39, 2.26526e+39, 9.36455e+39),
	vec3(2.08857e+39, 1.74499e+39, 9.2157e+39),
	vec3(2.41164e+39, 1.2368e+39, 9.04328e+39),
	vec3(2.71402e+39, 7.45346e+38, 8.84927e+39),
	vec3(2.9931e+39, 2.75151e+38, 8.63582e+39),
	vec3(3.24638e+39, -1.69457e+38, 8.40513e+39),
	vec3(3.47162e+39, -5.84379e+38, 8.1595e+39),
	vec3(3.66676e+39, -9.65787e+38, 7.90126e+39),
	vec3(3.83001e+39, -1.31016e+39, 7.63277e+39),
	vec3(3.95982e+39, -1.6143e+39, 7.35638e+39),
	vec3(4.05492e+39, -1.87542e+39, 7.07442e+39),
	vec3(4.11431e+39, -2.09108e+39, 6.78918e+39),
	vec3(4.13732e+39, -2.2593e+39, 6.50288e+39),
	vec3(4.12353e+39, -2.37852e+39, 6.21766e+39),
	vec3(4.07289e+39, -2.44764e+39, 5.93555e+39),
	vec3(3.9856e+39, -2.46602e+39, 5.65845e+39),
	vec3(3.8622e+39, -2.4335e+39, 5.38815e+39),
	vec3(3.70353e+39, -2.35039e+39, 5.12628e+39),
	vec3(3.51073e+39, -2.21747e+39, 4.87431e+39),
	vec3(3.28521e+39, -2.03598e+39, 4.63354e+39),
	vec3(3.02869e+39, -1.80761e+39, 4.4051e+39),
	vec3(2.74312e+39, -1.53449e+39, 4.18995e+39),
	vec3(2.43072e+39, -1.21915e+39, 3.98885e+39),
	vec3(2.09392e+39, -8.64524e+38, 3.80239e+39),
	vec3(1.73537e+39, -4.73906e+38, 3.63096e+39),
	vec3(1.35789e+39, -5.09146e+37, 3.47479e+39),
	vec3(9.64473e+38, 4.00536e+38, 3.33392e+39),
	vec3(5.58238e+38, 8.76273e+38, 3.20823e+39),
	vec3(1.4241e+38, 1.37191e+39, 3.09744e+39),
	vec3(-2.79709e+38, 1.88287e+39, 3.00112e+39),
	vec3(-7.04767e+38, 2.40446e+39, 2.91869e+39),
	vec3(-1.12939e+39, 2.9319e+39, 2.84947e+39),
	vec3(-1.55023e+39, 3.46035e+39, 2.79263e+39),
	vec3(-1.96395e+39, 3.985e+39, 2.74727e+39),
	vec3(-2.36731e+39, 4.50107e+39, 2.7124e+39),
	vec3(-2.75715e+39, 5.00388e+39, 2.68695e+39),
	vec3(-3.13045e+39, 5.48889e+39, 2.66982e+39),
	vec3(-3.48433e+39, 5.95175e+39, 2.65984e+39),
	vec3(-3.81608e+39, 6.38832e+39, 2.65587e+39),
	vec3(-4.12321e+39, 6.79473e+39, 2.65671e+39),
	vec3(-4.40345e+39, 7.16741e+39, 2.66122e+39),
	vec3(-4.65475e+39, 7.50311e+39, 2.66826e+39),
	vec3(-4.87534e+39, 7.79896e+39, 2.67673e+39),
	vec3(-5.06372e+39, 8.05246e+39, 2.68559e+39),
	vec3(-5.21867e+39, 8.26152e+39, 2.69387e+39),
	vec3(-5.33928e+39, 8.42449e+39, 2.70067e+39),
	vec3(-5.42492e+39, 8.54017e+39, 2.70518e+39),
	vec3(-5.4753e+39, 8.60778e+39, 2.70668e+39),
	vec3(-5.49041e+39, 8.62704e+39, 2.70456e+39),
	vec3(-5.47058e+39, 8.5981e+39, 2.69832e+39),
	vec3(-5.41642e+39, 8.52158e+39, 2.68755e+39),
	vec3(-5.32884e+39, 8.39854e+39, 2.67198e+39),
	vec3(-5.20906e+39, 8.2305e+39, 2.65145e+39),
	vec3(-5.05855e+39, 8.01937e+39, 2.62589e+39),
	vec3(-4.87907e+39, 7.76749e+39, 2.59536e+39),
	vec3(-4.6726e+39, 7.47755e+39, 2.56004e+39),
	vec3(-4.44137e+39, 7.15261e+39, 2.52019e+39),
	vec3(-4.1878e+39, 6.79605e+39, 2.47618e+39),
	vec3(-3.91449e+39, 6.41151e+39, 2.42845e+39),
	vec3(-3.62422e+39, 6.00291e+39, 2.37754e+39),
	vec3(-3.31988e+39, 5.57435e+39, 2.32406e+39),
	vec3(-3.00448e+39, 5.13013e+39, 2.26865e+39),
	vec3(-2.6811e+39, 4.67465e+39, 2.21204e+39),
	vec3(-2.35287e+39, 4.21241e+39, 2.15495e+39),
	vec3(-2.02295e+39, 3.74793e+39, 2.09816e+39),
	vec3(-1.69448e+39, 3.28576e+39, 2.04244e+39),
	vec3(-1.37057e+39, 2.83036e+39, 1.98856e+39),
	vec3(-1.05426e+39, 2.38614e+39, 1.93728e+39),
	vec3(-7.4851e+38, 1.95733e+39, 1.88934e+39),
	vec3(-4.56149e+38, 1.54803e+39, 1.84542e+39),
	vec3(-1.79865e+38, 1.16209e+39, 1.80616e+39),
	vec3(7.78226e+37, 8.0313e+38, 1.77216e+39),
	vec3(3.14585e+38, 4.7448e+38, 1.7439e+39),
	vec3(5.28302e+38, 1.79153e+38, 1.72183e+39),
	vec3(7.17088e+38, -8.01826e+37, 1.70629e+39),
	vec3(8.79298e+38, -3.01228e+38, 1.69753e+39),
	vec3(1.01355e+39, -4.82072e+38, 1.6957e+39),
	vec3(1.11873e+39, -6.21212e+38, 1.70084e+39),
	vec3(1.19401e+39, -7.17565e+38, 1.71291e+39),
	vec3(1.23885e+39, -7.70477e+38, 1.73173e+39),
	vec3(1.25298e+39, -7.79725e+38, 1.75706e+39),
	vec3(1.23645e+39, -7.45524e+38, 1.78851e+39),
	vec3(1.18958e+39, -6.68516e+38, 1.82562e+39),
	vec3(1.11299e+39, -5.49764e+38, 1.86784e+39),
	vec3(1.00756e+39, -3.90744e+38, 1.91452e+39),
	vec3(8.74463e+38, -1.93324e+38, 1.96492e+39),
	vec3(7.15109e+38, 4.02552e+37, 2.01826e+39),
	vec3(5.31161e+38, 3.07401e+38, 2.07368e+39),
	vec3(3.24508e+38, 6.05196e+38, 2.13029e+39),
	vec3(9.72497e+37, 9.30432e+38, 2.18713e+39),
	vec3(-1.48327e+38, 1.27964e+39, 2.24325e+39),
	vec3(-4.09765e+38, 1.64911e+39, 2.29768e+39),
	vec3(-6.84466e+38, 2.03497e+39, 2.34945e+39),
	vec3(-9.69706e+38, 2.43318e+39, 2.39763e+39),
	vec3(-1.26267e+39, 2.83958e+39, 2.44128e+39),
	vec3(-1.56047e+39, 3.24997e+39, 2.47957e+39),
	vec3(-1.86017e+39, 3.66008e+39, 2.51167e+39),
	vec3(-2.15882e+39, 4.06569e+39, 2.53687e+39),
	vec3(-2.45349e+39, 4.46262e+39, 2.55454e+39),
	vec3(-2.74127e+39, 4.84679e+39, 2.56415e+39),
	vec3(-3.0193e+39, 5.21423e+39, 2.56527e+39),
	vec3(-3.28484e+39, 5.56118e+39, 2.55763e+39),
	vec3(-3.53523e+39, 5.88406e+39, 2.54105e+39),
	vec3(-3.76795e+39, 6.17954e+39, 2.51553e+39),
	vec3(-3.98063e+39, 6.44455e+39, 2.4812e+39),
	vec3(-4.17108e+39, 6.67635e+39, 2.43836e+39),
	vec3(-4.33729e+39, 6.87249e+39, 2.38744e+39),
	vec3(-4.47746e+39, 7.0309e+39, 2.32905e+39),
	vec3(-4.59001e+39, 7.14985e+39, 2.26395e+39),
	vec3(-4.67359e+39, 7.228e+39, 2.19307e+39),
	vec3(-4.7271e+39, 7.26442e+39, 2.11747e+39),
	vec3(-4.74969e+39, 7.25854e+39, 2.03839e+39),
	vec3(-4.74074e+39, 7.21022e+39, 1.95717e+39),
	vec3(-4.69991e+39, 7.11971e+39, 1.87531e+39),
	vec3(-4.62711e+39, 6.98766e+39, 1.79441e+39),
	vec3(-4.52249e+39, 6.8151e+39, 1.71619e+39),
	vec3(-4.38649e+39, 6.60344e+39, 1.64246e+39),
	vec3(-4.21974e+39, 6.35443e+39, 1.5751e+39),
	vec3(-4.02314e+39, 6.07017e+39, 1.51605e+39),
	vec3(-3.79781e+39, 5.75309e+39, 1.46729e+39),
	vec3(-3.54507e+39, 5.40588e+39, 1.43083e+39),
	vec3(-3.26645e+39, 5.0315e+39, 1.40868e+39),
	vec3(-2.96364e+39, 4.63315e+39, 1.40282e+39),
	vec3(-2.63852e+39, 4.21421e+39, 1.4152e+39),
	vec3(-2.29309e+39, 3.77823e+39, 1.44771e+39),
	vec3(-1.9295e+39, 3.32889e+39, 1.50215e+39),
	vec3(-1.54998e+39, 2.86993e+39, 1.58022e+39),
	vec3(-1.15687e+39, 2.40518e+39, 1.68351e+39),
	vec3(-7.5254e+38, 1.93846e+39, 1.81343e+39),
	vec3(-3.39428e+38, 1.47356e+39, 1.97127e+39),
	vec3(8.00226e+37, 1.01422e+39, 2.15811e+39),
	vec3(5.03367e+38, 5.64075e+38, 2.37485e+39),
	vec3(9.28186e+38, 1.26623e+38, 2.62215e+39),
	vec3(1.3521e+39, -2.94801e+38, 2.90048e+39),
	vec3(1.77281e+39, -6.97062e+38, 3.21003e+39),
	vec3(2.18807e+39, -1.07725e+39, 3.55078e+39),
	vec3(2.59575e+39, -1.43272e+39, 3.92243e+39),
	vec3(2.99384e+39, -1.7611e+39, 4.32442e+39),
	vec3(3.38046e+39, -2.06031e+39, 4.75592e+39),
	vec3(3.75385e+39, -2.32859e+39, 5.21583e+39),
	vec3(4.11243e+39, -2.56452e+39, 5.70281e+39),
	vec3(4.45478e+39, -2.767e+39, 6.21523e+39),
	vec3(4.77963e+39, -2.93532e+39, 6.7512e+39),
	vec3(5.0859e+39, -3.06907e+39, 7.30859e+39),
	vec3(5.3727e+39, -3.16822e+39, 7.88504e+39),
	vec3(5.63931e+39, -3.2331e+39, 8.47796e+39),
	vec3(5.88518e+39, -3.26433e+39, 9.08454e+39),
	vec3(6.10997e+39, -3.26292e+39, 9.70179e+39),
	vec3(6.3135e+39, -3.23015e+39, 1.03265e+40),
	vec3(6.49574e+39, -3.1676e+39, 1.09555e+40),
	vec3(6.65686e+39, -3.07715e+39, 1.15852e+40),
	vec3(6.79716e+39, -2.96091e+39, 1.22121e+40),
	vec3(6.91709e+39, -2.82122e+39, 1.28325e+40),
	vec3(7.01723e+39, -2.66063e+39, 1.34428e+40),
	vec3(7.09829e+39, -2.48183e+39, 1.40394e+40),
	vec3(7.16107e+39, -2.28766e+39, 1.46184e+40),
	vec3(7.20647e+39, -2.08109e+39, 1.51763e+40),
	vec3(7.23548e+39, -1.86511e+39, 1.57094e+40),
	vec3(7.24913e+39, -1.64277e+39, 1.62143e+40),
	vec3(7.24851e+39, -1.41713e+39, 1.66875e+40),
	vec3(7.23472e+39, -1.19119e+39, 1.71259e+40),
	vec3(7.20891e+39, -9.67912e+38, 1.75264e+40),
	vec3(7.17219e+39, -7.50129e+38, 1.78861e+40),
	vec3(7.12567e+39, -5.40558e+38, 1.82024e+40),
	vec3(7.07045e+39, -3.41749e+38, 1.84729e+40),
	vec3(7.00754e+39, -1.56061e+38, 1.86956e+40),
	vec3(6.93794e+39, 1.43592e+37, 1.88686e+40),
	vec3(6.86256e+39, 1.67608e+38, 1.89903e+40),
	vec3(6.78221e+39, 3.0204e+38, 1.90598e+40),
	vec3(6.69766e+39, 4.16287e+38, 1.9076e+40),
	vec3(6.60956e+39, 5.09272e+38, 1.90384e+40),
	vec3(6.51844e+39, 5.80224e+38, 1.8947e+40),
	vec3(6.42475e+39, 6.28678e+38, 1.88019e+40),
	vec3(6.32884e+39, 6.54489e+38, 1.86037e+40),
	vec3(6.23092e+39, 6.57824e+38, 1.83533e+40),
	vec3(6.13111e+39, 6.39165e+38, 1.8052e+40),
	vec3(6.02943e+39, 5.993e+38, 1.77013e+40),
	vec3(5.92577e+39, 5.39316e+38, 1.73032e+40),
	vec3(5.81995e+39, 4.6058e+38, 1.686e+40),
	vec3(5.71167e+39, 3.64732e+38, 1.63743e+40),
	vec3(5.60058e+39, 2.53655e+38, 1.58488e+40),
	vec3(5.48623e+39, 1.29464e+38, 1.52868e+40),
	vec3(5.3681e+39, -5.52894e+36, 1.46916e+40),
	vec3(5.24565e+39, -1.48833e+38, 1.40668e+40),
	vec3(5.11826e+39, -2.97813e+38, 1.34161e+40),
	vec3(4.98531e+39, -4.4972e+38, 1.27436e+40),
	vec3(4.84616e+39, -6.01718e+38, 1.20534e+40),
	vec3(4.70016e+39, -7.50924e+38, 1.13495e+40),
	vec3(4.54669e+39, -8.94438e+38, 1.06364e+40),
	vec3(4.38513e+39, -1.02938e+39, 9.91832e+39),
	vec3(4.21495e+39, -1.15291e+39, 9.19959e+39),
	vec3(4.03562e+39, -1.2623e+39, 8.48453e+39),
	vec3(3.84673e+39, -1.35492e+39, 7.77742e+39),
	vec3(3.64792e+39, -1.42828e+39, 7.08243e+39),
	vec3(3.43893e+39, -1.48011e+39, 6.40364e+39),
	vec3(3.21962e+39, -1.5083e+39, 5.74496e+39),
	vec3(2.98994e+39, -1.51103e+39, 5.11015e+39),
	vec3(2.74999e+39, -1.48669e+39, 4.50277e+39),
	vec3(2.49999e+39, -1.43399e+39, 3.92613e+39),
	vec3(2.24028e+39, -1.35192e+39, 3.38334e+39),
	vec3(1.97136e+39, -1.23979e+39, 2.87718e+39),
	vec3(1.69386e+39, -1.09723e+39, 2.4102e+39),
	vec3(1.40856e+39, -9.24238e+38, 1.98461e+39),
	vec3(1.11639e+39, -7.21114e+38, 1.60231e+39),
	vec3(8.18388e+38, -4.88524e+38, 1.26487e+39),
	vec3(5.15759e+38, -2.2747e+38, 9.7353e+38),
	vec3(2.09819e+38, 6.07114e+37, 7.29163e+38),
	vec3(-9.79944e+37, 3.74356e+38, 5.32312e+38),
	vec3(-4.06132e+38, 7.11486e+38, 3.83166e+38),
	vec3(-7.12949e+38, 1.06983e+39, 2.81568e+38),
	vec3(-1.01671e+39, 1.44684e+39, 2.27019e+38),
	vec3(-1.31562e+39, 1.83971e+39, 2.1869e+38),
	vec3(-1.60782e+39, 2.2454e+39, 2.55427e+38),
	vec3(-1.8914e+39, 2.66069e+39, 3.35769e+38),
	vec3(-2.16445e+39, 3.08217e+39, 4.5796e+38),
	vec3(-2.42505e+39, 3.5063e+39, 6.1997e+38),
	vec3(-2.67129e+39, 3.92945e+39, 8.19511e+38),
	vec3(-2.9013e+39, 4.34791e+39, 1.05406e+39),
	vec3(-3.11326e+39, 4.75793e+39, 1.32089e+39),
	vec3(-3.30541e+39, 5.1558e+39, 1.61708e+39),
	vec3(-3.47611e+39, 5.53783e+39, 1.93956e+39),
	vec3(-3.62382e+39, 5.90042e+39, 2.2851e+39),
	vec3(-3.74711e+39, 6.2401e+39, 2.65039e+39),
	vec3(-3.84473e+39, 6.55355e+39, 3.03205e+39),
	vec3(-3.91557e+39, 6.83763e+39, 3.42661e+39),
	vec3(-3.95869e+39, 7.08945e+39, 3.83063e+39),
	vec3(-3.97336e+39, 7.30637e+39, 4.24063e+39),
	vec3(-3.95905e+39, 7.48604e+39, 4.65321e+39),
	vec3(-3.91544e+39, 7.6264e+39, 5.06499e+39),
	vec3(-3.84243e+39, 7.72577e+39, 5.47271e+39),
	vec3(-3.74015e+39, 7.78279e+39, 5.87321e+39),
	vec3(-3.60897e+39, 7.79649e+39, 6.26345e+39),
	vec3(-3.44948e+39, 7.7663e+39, 6.64058e+39),
	vec3(-3.26253e+39, 7.69203e+39, 7.0019e+39),
	vec3(-3.04919e+39, 7.57392e+39, 7.34492e+39),
	vec3(-2.81076e+39, 7.41259e+39, 7.66736e+39),
	vec3(-2.54876e+39, 7.20909e+39, 7.96716e+39),
	vec3(-2.26496e+39, 6.96486e+39, 8.2425e+39),
	vec3(-1.96128e+39, 6.68172e+39, 8.4918e+39),
	vec3(-1.63987e+39, 6.36189e+39, 8.71375e+39),
	vec3(-1.30305e+39, 6.00794e+39, 8.90728e+39),
	vec3(-9.53304e+38, 5.62278e+39, 9.0716e+39),
	vec3(-5.93246e+38, 5.20961e+39, 9.20616e+39),
	vec3(-2.25624e+38, 4.77196e+39, 9.31068e+39),
	vec3(1.46717e+38, 4.31359e+39, 9.38514e+39),
	vec3(5.20854e+38, 3.83848e+39, 9.42974e+39),
	vec3(8.93807e+38, 3.35081e+39, 9.44496e+39),
	vec3(1.26257e+39, 2.85489e+39, 9.43146e+39),
	vec3(1.62412e+39, 2.35516e+39, 9.39015e+39),
	vec3(1.97547e+39, 1.85613e+39, 9.32213e+39),
	vec3(2.31368e+39, 1.36231e+39, 9.22868e+39),
	vec3(2.63586e+39, 8.7822e+38, 9.11124e+39),
	vec3(2.93925e+39, 4.08314e+38, 8.97141e+39),
	vec3(3.22117e+39, -4.30544e+37, 8.81093e+39),
	vec3(3.47913e+39, -4.71672e+38, 8.63163e+39),
	vec3(3.71079e+39, -8.73506e+38, 8.43545e+39),
	vec3(3.91398e+39, -1.24474e+39, 8.22437e+39),
	vec3(4.08679e+39, -1.58183e+39, 8.00044e+39),
	vec3(4.22748e+39, -1.8815e+39, 7.76574e+39),
	vec3(4.33461e+39, -2.14082e+39, 7.52236e+39),
	vec3(4.40698e+39, -2.35719e+39, 7.27235e+39),
	vec3(4.44364e+39, -2.5284e+39, 7.01776e+39),
	vec3(4.44397e+39, -2.65265e+39, 6.76058e+39),
	vec3(4.40761e+39, -2.72855e+39, 6.50272e+39),
	vec3(4.3345e+39, -2.75514e+39, 6.24603e+39),
	vec3(4.2249e+39, -2.7319e+39, 5.99225e+39),
	vec3(4.07934e+39, -2.65878e+39, 5.743e+39),
	vec3(3.89868e+39, -2.53618e+39, 5.4998e+39),
	vec3(3.68405e+39, -2.36493e+39, 5.26401e+39),
	vec3(3.43688e+39, -2.14633e+39, 5.03687e+39),
	vec3(3.15885e+39, -1.8821e+39, 4.81947e+39),
	vec3(2.85193e+39, -1.57439e+39, 4.61273e+39),
	vec3(2.51833e+39, -1.22575e+39, 4.41743e+39),
	vec3(2.16048e+39, -8.39099e+38, 4.2342e+39),
	vec3(1.78102e+39, -4.17724e+38, 4.06348e+39),
	vec3(1.38279e+39, 3.47735e+37, 3.90558e+39),
	vec3(9.6878e+38, 5.14501e+38, 3.76067e+39),
	vec3(5.42133e+38, 1.01731e+39, 3.62874e+39),
	vec3(1.06096e+38, 1.53883e+39, 3.50968e+39),
	vec3(-3.35993e+38, 2.07452e+39, 3.4032e+39),
	vec3(-7.80738e+38, 2.61971e+39, 3.30894e+39),
	vec3(-1.22472e+39, 3.16962e+39, 3.2264e+39),
	vec3(-1.6645e+39, 3.71944e+39, 3.15498e+39),
	vec3(-2.09671e+39, 4.26434e+39, 3.09399e+39),
	vec3(-2.51799e+39, 4.79954e+39, 3.04268e+39),
	vec3(-2.92511e+39, 5.32037e+39, 3.00023e+39),
	vec3(-3.31493e+39, 5.82224e+39, 2.96578e+39),
	vec3(-3.68446e+39, 6.30079e+39, 2.93841e+39),
	vec3(-4.03089e+39, 6.75182e+39, 2.9172e+39),
	vec3(-4.35159e+39, 7.17143e+39, 2.90123e+39),
	vec3(-4.64414e+39, 7.55598e+39, 2.88957e+39),
	vec3(-4.90639e+39, 7.90215e+39, 2.88131e+39),
	vec3(-5.13642e+39, 8.20701e+39, 2.87557e+39),
	vec3(-5.33258e+39, 8.46797e+39, 2.87153e+39),
	vec3(-5.49353e+39, 8.68288e+39, 2.86841e+39),
	vec3(-5.61822e+39, 8.85e+39, 2.86547e+39),
	vec3(-5.7059e+39, 8.96802e+39, 2.86208e+39),
	vec3(-5.75616e+39, 9.03612e+39, 2.85766e+39),
	vec3(-5.76888e+39, 9.05392e+39, 2.85172e+39),
	vec3(-5.74428e+39, 9.02149e+39, 2.84386e+39),
	vec3(-5.6829e+39, 8.9394e+39, 2.83376e+39),
	vec3(-5.58558e+39, 8.80866e+39, 2.8212e+39),
	vec3(-5.45349e+39, 8.63072e+39, 2.80606e+39),
	vec3(-5.28807e+39, 8.40748e+39, 2.78829e+39),
	vec3(-5.09106e+39, 8.14126e+39, 2.76794e+39),
	vec3(-4.86447e+39, 7.83477e+39, 2.74515e+39),
	vec3(-4.61055e+39, 7.49106e+39, 2.72014e+39),
	vec3(-4.33179e+39, 7.11357e+39, 2.69318e+39),
	vec3(-4.03087e+39, 6.70602e+39, 2.66465e+39),
	vec3(-3.71068e+39, 6.27238e+39, 2.63494e+39),
	vec3(-3.37426e+39, 5.8169e+39, 2.60453e+39),
	vec3(-3.02476e+39, 5.34397e+39, 2.57391e+39),
	vec3(-2.66547e+39, 4.85818e+39, 2.54363e+39),
	vec3(-2.29973e+39, 4.3642e+39, 2.51423e+39),
	vec3(-1.93092e+39, 3.86675e+39, 2.48627e+39),
	vec3(-1.56246e+39, 3.37059e+39, 2.46032e+39),
	vec3(-1.19773e+39, 2.88045e+39, 2.43691e+39),
	vec3(-8.40078e+38, 2.40098e+39, 2.41657e+39),
	vec3(-4.92769e+38, 1.93672e+39, 2.39979e+39),
	vec3(-1.58966e+38, 1.49203e+39, 2.387e+39),
	vec3(1.58299e+38, 1.07108e+39, 2.37858e+39),
	vec3(4.56155e+38, 6.77823e+38, 2.37487e+39),
	vec3(7.31915e+38, 3.15896e+38, 2.37611e+39),
	vec3(9.831e+38, -1.1354e+37, 2.38248e+39),
	vec3(1.20746e+39, -3.00931e+38, 2.39407e+39),
	vec3(1.40301e+39, -5.50208e+38, 2.41088e+39),
	vec3(1.568e+39, -7.56957e+38, 2.43282e+39),
	vec3(1.70099e+39, -9.19363e+38, 2.45972e+39),
	vec3(1.80082e+39, -1.03605e+39, 2.4913e+39),
	vec3(1.86665e+39, -1.10608e+39, 2.5272e+39),
	vec3(1.89795e+39, -1.12897e+39, 2.56696e+39),
	vec3(1.89449e+39, -1.10471e+39, 2.61004e+39),
	vec3(1.85636e+39, -1.03373e+39, 2.65581e+39),
	vec3(1.78399e+39, -9.16913e+38, 2.70359e+39),
	vec3(1.6781e+39, -7.55591e+38, 2.75261e+39),
	vec3(1.53973e+39, -5.51524e+38, 2.80205e+39),
	vec3(1.37021e+39, -3.06884e+38, 2.85104e+39),
	vec3(1.17116e+39, -2.42309e+37, 2.89869e+39),
	vec3(9.44452e+38, 2.93508e+38, 2.94408e+39),
	vec3(6.92237e+38, 6.4307e+38, 2.98626e+39),
	vec3(4.16886e+38, 1.02089e+39, 3.02431e+39),
	vec3(1.20986e+38, 1.42312e+39, 3.05732e+39),
	vec3(-1.92683e+38, 1.8457e+39, 3.0844e+39),
	vec3(-5.21179e+38, 2.28437e+39, 3.10473e+39),
	vec3(-8.61414e+38, 2.7347e+39, 3.11754e+39),
	vec3(-1.21019e+39, 3.19217e+39, 3.12213e+39),
	vec3(-1.56422e+39, 3.65218e+39, 3.11791e+39),
	vec3(-1.92017e+39, 4.11012e+39, 3.10436e+39),
	vec3(-2.27466e+39, 4.56138e+39, 3.08112e+39),
	vec3(-2.62431e+39, 5.00144e+39, 3.04792e+39),
	vec3(-2.96579e+39, 5.42587e+39, 3.00466e+39),
	vec3(-3.2958e+39, 5.83039e+39, 2.95138e+39),
	vec3(-3.61114e+39, 6.2109e+39, 2.88826e+39),
	vec3(-3.90871e+39, 6.56355e+39, 2.81568e+39),
	vec3(-4.18556e+39, 6.88474e+39, 2.73415e+39),
	vec3(-4.43889e+39, 7.17115e+39, 2.64437e+39),
	vec3(-4.66607e+39, 7.41981e+39, 2.54724e+39),
	vec3(-4.8647e+39, 7.62808e+39, 2.44379e+39),
	vec3(-5.03258e+39, 7.79372e+39, 2.33526e+39),
	vec3(-5.16775e+39, 7.91487e+39, 2.22303e+39),
	vec3(-5.26852e+39, 7.99007e+39, 2.10865e+39),
	vec3(-5.33344e+39, 8.01831e+39, 1.99383e+39),
	vec3(-5.36137e+39, 7.99898e+39, 1.88042e+39),
	vec3(-5.3514e+39, 7.93193e+39, 1.77039e+39),
	vec3(-5.30297e+39, 7.81742e+39, 1.66586e+39),
	vec3(-5.21574e+39, 7.65614e+39, 1.569e+39),
	vec3(-5.08973e+39, 7.44923e+39, 1.48211e+39),
	vec3(-4.92518e+39, 7.19818e+39, 1.40753e+39),
	vec3(-4.72265e+39, 6.90491e+39, 1.34765e+39),
	vec3(-4.48297e+39, 6.57169e+39, 1.30489e+39),
	vec3(-4.20722e+39, 6.20114e+39, 1.28166e+39),
	vec3(-3.89674e+39, 5.79619e+39, 1.28036e+39),
	vec3(-3.55309e+39, 5.36004e+39, 1.30333e+39),
	vec3(-3.17808e+39, 4.89618e+39, 1.35285e+39),
	vec3(-2.77369e+39, 4.40828e+39, 1.4311e+39),
	vec3(-2.34211e+39, 3.9002e+39, 1.54016e+39),
	vec3(-1.88568e+39, 3.37595e+39, 1.68194e+39),
	vec3(-1.40688e+39, 2.83963e+39, 1.85819e+39),
	vec3(-9.08333e+38, 2.29541e+39, 2.07048e+39),
	vec3(-3.92724e+38, 1.74748e+39, 2.32018e+39),
	vec3(1.37167e+38, 1.19999e+39, 2.6084e+39),
	vec3(6.78516e+38, 6.57051e+38, 2.93602e+39),
	vec3(1.22847e+39, 1.22669e+38, 3.30366e+39),
	vec3(1.78418e+39, -3.99292e+38, 3.71163e+39),
	vec3(2.34282e+39, -9.05141e+38, 4.15998e+39),
	vec3(2.90158e+39, -1.39139e+39, 4.64842e+39),
	vec3(3.45774e+39, -1.85481e+39, 5.17638e+39),
	vec3(4.00867e+39, -2.29241e+39, 5.74294e+39),
	vec3(4.55181e+39, -2.70151e+39, 6.34687e+39),
	vec3(5.08474e+39, -3.07977e+39, 6.98661e+39),
	vec3(5.60519e+39, -3.42514e+39, 7.66028e+39),
	vec3(6.111e+39, -3.73597e+39, 8.36569e+39),
	vec3(6.60021e+39, -4.01095e+39, 9.10032e+39),
	vec3(7.07102e+39, -4.24914e+39, 9.86136e+39),
	vec3(7.5218e+39, -4.44998e+39, 1.06457e+40),
	vec3(7.95112e+39, -4.61332e+39, 1.14501e+40),
	vec3(8.35774e+39, -4.73933e+39, 1.22707e+40),
	vec3(8.7406e+39, -4.82858e+39, 1.31039e+40),
	vec3(9.09886e+39, -4.88199e+39, 1.39455e+40),
	vec3(9.43186e+39, -4.90081e+39, 1.47913e+40),
	vec3(9.73912e+39, -4.88663e+39, 1.56369e+40),
	vec3(1.00204e+40, -4.84131e+39, 1.64778e+40),
	vec3(1.02755e+40, -4.76701e+39, 1.73095e+40),
	vec3(1.05045e+40, -4.66611e+39, 1.81272e+40),
	vec3(1.07077e+40, -4.54124e+39, 1.89262e+40),
	vec3(1.08854e+40, -4.39518e+39, 1.97019e+40),
	vec3(1.10381e+40, -4.23087e+39, 2.04496e+40),
	vec3(1.11664e+40, -4.05138e+39, 2.11648e+40),
	vec3(1.1271e+40, -3.85983e+39, 2.1843e+40),
	vec3(1.13528e+40, -3.6594e+39, 2.248e+40),
	vec3(1.14127e+40, -3.45327e+39, 2.30715e+40),
	vec3(1.14515e+40, -3.24456e+39, 2.36138e+40),
	vec3(1.14703e+40, -3.03636e+39, 2.41031e+40),
	vec3(1.14701e+40, -2.83163e+39, 2.45361e+40),
	vec3(1.14519e+40, -2.63318e+39, 2.49098e+40),
	vec3(1.14168e+40, -2.44365e+39, 2.52213e+40),
	vec3(1.13657e+40, -2.2655e+39, 2.54683e+40),
	vec3(1.12996e+40, -2.10093e+39, 2.56488e+40),
	vec3(1.12195e+40, -1.95189e+39, 2.57612e+40),
	vec3(1.11262e+40, -1.82005e+39, 2.58043e+40),
	vec3(1.10205e+40, -1.70678e+39, 2.57774e+40),
	vec3(1.09032e+40, -1.61314e+39, 2.56802e+40),
	vec3(1.0775e+40, -1.53985e+39, 2.55127e+40),
	vec3(1.06363e+40, -1.4873e+39, 2.52755e+40),
	vec3(1.04877e+40, -1.45555e+39, 2.49697e+40),
	vec3(1.03296e+40, -1.44431e+39, 2.45968e+40),
	vec3(1.01622e+40, -1.45295e+39, 2.41585e+40),
	vec3(9.98583e+39, -1.48052e+39, 2.36573e+40),
	vec3(9.8005e+39, -1.52575e+39, 2.30959e+40),
	vec3(9.60628e+39, -1.58705e+39, 2.24773e+40),
	vec3(9.40311e+39, -1.66256e+39, 2.18052e+40),
	vec3(9.19088e+39, -1.75017e+39, 2.10833e+40),
	vec3(8.96941e+39, -1.8475e+39, 2.03159e+40),
	vec3(8.73847e+39, -1.95199e+39, 1.95073e+40),
	vec3(8.49777e+39, -2.06087e+39, 1.86624e+40),
	vec3(8.24702e+39, -2.17126e+39, 1.77861e+40),
	vec3(7.98591e+39, -2.28013e+39, 1.68835e+40),
	vec3(7.7141e+39, -2.38441e+39, 1.596e+40),
	vec3(7.4313e+39, -2.48097e+39, 1.50211e+40),
	vec3(7.13722e+39, -2.56669e+39, 1.40721e+40),
	vec3(6.83162e+39, -2.63849e+39, 1.31187e+40),
	vec3(6.51432e+39, -2.69335e+39, 1.21665e+40),
	vec3(6.18521e+39, -2.7284e+39, 1.12209e+40),
	vec3(5.84423e+39, -2.7409e+39, 1.02875e+40),
	vec3(5.49147e+39, -2.7283e+39, 9.37147e+39),
	vec3(5.12709e+39, -2.68829e+39, 8.47807e+39),
	vec3(4.75137e+39, -2.6188e+39, 7.61225e+39),
	vec3(4.36473e+39, -2.51806e+39, 6.77878e+39),
	vec3(3.96773e+39, -2.3846e+39, 5.98213e+39),
	vec3(3.56104e+39, -2.21731e+39, 5.22651e+39),
	vec3(3.14552e+39, -2.01541e+39, 4.51579e+39),
	vec3(2.72215e+39, -1.77852e+39, 3.85351e+39),
	vec3(2.29207e+39, -1.50663e+39, 3.24282e+39),
	vec3(1.85659e+39, -1.20013e+39, 2.68649e+39),
	vec3(1.41713e+39, -8.59829e+38, 2.18688e+39),
	vec3(9.75294e+38, -4.86913e+38, 1.74594e+39),
	vec3(5.32797e+38, -8.29799e+37, 1.36517e+39),
	vec3(9.14943e+37, 3.49984e+38, 1.04563e+39),
	vec3(-3.4664e+38, 8.09617e+38, 7.87964e+38),
	vec3(-7.79528e+38, 1.29319e+39, 5.92342e+38),
	vec3(-1.205e+39, 1.79766e+39, 4.58513e+38),
	vec3(-1.6208e+39, 2.31962e+39, 3.8579e+38),
	vec3(-2.02463e+39, 2.85543e+39, 3.73065e+38),
	vec3(-2.41413e+39, 3.40116e+39, 4.18823e+38),
	vec3(-2.78694e+39, 3.95267e+39, 5.21158e+38),
	vec3(-3.14069e+39, 4.50565e+39, 6.77792e+38),
	vec3(-3.47304e+39, 5.05565e+39, 8.86101e+38),
	vec3(-3.78167e+39, 5.59809e+39, 1.14314e+39),
	vec3(-4.06435e+39, 6.12837e+39, 1.44565e+39),
	vec3(-4.31895e+39, 6.64188e+39, 1.79015e+39),
	vec3(-4.54342e+39, 7.13403e+39, 2.17286e+39),
	vec3(-4.73588e+39, 7.60032e+39, 2.58986e+39),
	vec3(-4.8946e+39, 8.0364e+39, 3.03703e+39),
	vec3(-5.01802e+39, 8.43807e+39, 3.51012e+39),
	vec3(-5.10478e+39, 8.80137e+39, 4.00478e+39),
	vec3(-5.15376e+39, 9.1226e+39, 4.51661e+39),
	vec3(-5.16406e+39, 9.39837e+39, 5.04117e+39),
	vec3(-5.13504e+39, 9.62564e+39, 5.57406e+39),
	vec3(-5.06633e+39, 9.80174e+39, 6.11088e+39),
	vec3(-4.95785e+39, 9.92443e+39, 6.64734e+39),
	vec3(-4.80978e+39, 9.99189e+39, 7.17926e+39),
	vec3(-4.62264e+39, 1.00028e+40, 7.7026e+39),
	vec3(-4.39722e+39, 9.95631e+39, 8.21347e+39),
	vec3(-4.13464e+39, 9.85208e+39, 8.70823e+39),
	vec3(-3.8363e+39, 9.6903e+39, 9.18341e+39),
	vec3(-3.50391e+39, 9.47168e+39, 9.63582e+39),
	vec3(-3.1395e+39, 9.19744e+39, 1.00625e+40),
	vec3(-2.74536e+39, 8.86936e+39, 1.04609e+40),
	vec3(-2.32406e+39, 8.48971e+39, 1.08287e+40),
	vec3(-1.87845e+39, 8.06128e+39, 1.11637e+40),
	vec3(-1.41159e+39, 7.58732e+39, 1.14643e+40),
	vec3(-9.26805e+38, 7.07156e+39, 1.17291e+40),
	vec3(-4.27591e+38, 6.51818e+39, 1.19572e+40),
	vec3(8.2361e+37, 5.93173e+39, 1.21477e+40),
	vec3(5.99212e+38, 5.31714e+39, 1.23003e+40),
	vec3(1.119e+39, 4.67965e+39, 1.24149e+40),
	vec3(1.63766e+39, 4.02481e+39, 1.24918e+40),
	vec3(2.15108e+39, 3.35838e+39, 1.25315e+40),
	vec3(2.65511e+39, 2.6863e+39, 1.2535e+40),
	vec3(3.1456e+39, 2.01464e+39, 1.25032e+40),
	vec3(3.61845e+39, 1.34956e+39, 1.24375e+40),
	vec3(4.0696e+39, 6.97229e+38, 1.23397e+40),
	vec3(4.49514e+39, 6.37767e+37, 1.22115e+40),
	vec3(4.89127e+39, -5.44756e+38, 1.20548e+40),
	vec3(5.25438e+39, -1.12248e+39, 1.18719e+40),
	vec3(5.58105e+39, -1.66371e+39, 1.16651e+40),
	vec3(5.8681e+39, -2.16303e+39, 1.14368e+40),
	vec3(6.11265e+39, -2.61532e+39, 1.11895e+40),
	vec3(6.31206e+39, -3.01584e+39, 1.09258e+40),
	vec3(6.46406e+39, -3.36026e+39, 1.06483e+40),
	vec3(6.5667e+39, -3.64468e+39, 1.03596e+40),
	vec3(6.61841e+39, -3.86573e+39, 1.00623e+40),
	vec3(6.61797e+39, -4.02055e+39, 9.75901e+39),
	vec3(6.5646e+39, -4.10683e+39, 9.45214e+39),
	vec3(6.45792e+39, -4.12289e+39, 9.14412e+39),
	vec3(6.29795e+39, -4.06761e+39, 8.83726e+39),
	vec3(6.08516e+39, -3.94052e+39, 8.53372e+39),
	vec3(5.82042e+39, -3.7418e+39, 8.23552e+39),
	vec3(5.50504e+39, -3.47224e+39, 7.94455e+39),
	vec3(5.14074e+39, -3.13328e+39, 7.66251e+39),
	vec3(4.72967e+39, -2.727e+39, 7.3909e+39),
	vec3(4.27434e+39, -2.25609e+39, 7.13107e+39),
	vec3(3.77767e+39, -1.72384e+39, 6.88415e+39),
	vec3(3.24292e+39, -1.13411e+39, 6.65108e+39),
	vec3(2.67369e+39, -4.913e+38, 6.43261e+39),
	vec3(2.0739e+39, 1.99669e+38, 6.22927e+39),
	vec3(1.44774e+39, 9.33417e+38, 6.04142e+39),
	vec3(7.99648e+38, 1.70414e+39, 5.86922e+39),
	vec3(1.34286e+38, 2.50567e+39, 5.71265e+39),
	vec3(-5.43512e+38, 3.33149e+39, 5.57153e+39),
	vec3(-1.22877e+39, 4.17487e+39, 5.4455e+39),
	vec3(-1.91642e+39, 5.02882e+39, 5.33406e+39),
	vec3(-2.60132e+39, 5.88625e+39, 5.2366e+39),
	vec3(-3.27832e+39, 6.73996e+39, 5.15236e+39),
	vec3(-3.9423e+39, 7.58276e+39, 5.08051e+39),
	vec3(-4.5882e+39, 8.40749e+39, 5.02011e+39),
	vec3(-5.21106e+39, 9.20713e+39, 4.97017e+39),
	vec3(-5.80611e+39, 9.97481e+39, 4.92966e+39),
	vec3(-6.36872e+39, 1.07039e+40, 4.89751e+39),
	vec3(-6.89453e+39, 1.13881e+40, 4.87264e+39),
	vec3(-7.37945e+39, 1.20215e+40, 4.85399e+39),
	vec3(-7.81966e+39, 1.25986e+40, 4.84052e+39),
	vec3(-8.21173e+39, 1.31142e+40, 4.83123e+39),
	vec3(-8.55256e+39, 1.35638e+40, 4.82517e+39),
	vec3(-8.83947e+39, 1.39435e+40, 4.82148e+39),
	vec3(-9.07019e+39, 1.42499e+40, 4.81937e+39),
	vec3(-9.2429e+39, 1.44803e+40, 4.81815e+39),
	vec3(-9.35624e+39, 1.46325e+40, 4.81724e+39),
	vec3(-9.40933e+39, 1.47052e+40, 4.81618e+39),
	vec3(-9.40178e+39, 1.46977e+40, 4.81461e+39),
	vec3(-9.33366e+39, 1.461e+40, 4.81231e+39),
	vec3(-9.20558e+39, 1.44428e+40, 4.80919e+39),
	vec3(-9.01861e+39, 1.41977e+40, 4.80527e+39),
	vec3(-8.77431e+39, 1.38767e+40, 4.8007e+39),
	vec3(-8.47471e+39, 1.34827e+40, 4.79576e+39),
	vec3(-8.12231e+39, 1.30191e+40, 4.79084e+39),
	vec3(-7.72005e+39, 1.24902e+40, 4.78644e+39),
	vec3(-7.27127e+39, 1.19005e+40, 4.78314e+39),
	vec3(-6.77972e+39, 1.12555e+40, 4.78162e+39),
	vec3(-6.2495e+39, 1.05609e+40, 4.78264e+39),
	vec3(-5.68505e+39, 9.82303e+39, 4.787e+39),
	vec3(-5.09108e+39, 9.04845e+39, 4.79556e+39),
	vec3(-4.47259e+39, 8.24423e+39, 4.80919e+39),
	vec3(-3.83476e+39, 7.41766e+39, 4.82879e+39),
	vec3(-3.18296e+39, 6.57627e+39, 4.85524e+39),
	vec3(-2.52269e+39, 5.72772e+39, 4.8894e+39),
	vec3(-1.85953e+39, 4.87979e+39, 4.93207e+39),
	vec3(-1.19908e+39, 4.04023e+39, 4.984e+39),
	vec3(-5.46951e+38, 3.21676e+39, 5.04586e+39),
	vec3(9.13185e+37, 2.41698e+39, 5.11824e+39),
	vec3(7.10288e+38, 1.64826e+39, 5.20157e+39),
	vec3(1.30467e+39, 9.17752e+38, 5.2962e+39),
	vec3(1.86936e+39, 2.32238e+38, 5.40231e+39),
	vec3(2.39951e+39, -4.01872e+38, 5.51994e+39),
	vec3(2.89054e+39, -9.78623e+38, 5.64896e+39),
	vec3(3.33819e+39, -1.49257e+39, 5.78907e+39),
	vec3(3.73854e+39, -1.93881e+39, 5.93978e+39),
	vec3(4.08808e+39, -2.31308e+39, 6.10044e+39),
	vec3(4.38371e+39, -2.61172e+39, 6.2702e+39),
	vec3(4.62276e+39, -2.83178e+39, 6.44802e+39),
	vec3(4.80305e+39, -2.971e+39, 6.6327e+39),
	vec3(4.92287e+39, -3.02785e+39, 6.82284e+39),
	vec3(4.98102e+39, -3.00157e+39, 7.01688e+39),
	vec3(4.97681e+39, -2.89213e+39, 7.21313e+39),
	vec3(4.91008e+39, -2.70027e+39, 7.40972e+39),
	vec3(4.78117e+39, -2.42747e+39, 7.60468e+39),
	vec3(4.59098e+39, -2.07597e+39, 7.79592e+39),
	vec3(4.34088e+39, -1.64872e+39, 7.98127e+39),
	vec3(4.03278e+39, -1.14938e+39, 8.15848e+39),
	vec3(3.66907e+39, -5.82245e+38, 8.32528e+39),
	vec3(3.2526e+39, 4.77209e+37, 8.47936e+39),
	vec3(2.78669e+39, 7.3499e+38, 8.61844e+39),
	vec3(2.27506e+39, 1.47349e+39, 8.74028e+39),
	vec3(1.72185e+39, 2.25668e+39, 8.8427e+39),
	vec3(1.13156e+39, 3.07757e+39, 8.92362e+39),
	vec3(5.0899e+38, 3.92881e+39, 8.9811e+39),
	vec3(-1.40741e+38, 4.80278e+39, 9.01335e+39),
	vec3(-8.1228e+38, 5.6916e+39, 9.01877e+39),
	vec3(-1.50006e+39, 6.58723e+39, 8.99599e+39),
	vec3(-2.19836e+39, 7.48156e+39, 8.94388e+39),
	vec3(-2.90133e+39, 8.36645e+39, 8.86157e+39),
	vec3(-3.60306e+39, 9.23382e+39, 8.74851e+39),
	vec3(-4.29759e+39, 1.00757e+40, 8.60445e+39),
	vec3(-4.979e+39, 1.08844e+40, 8.42951e+39),
	vec3(-5.64142e+39, 1.16523e+40, 8.22415e+39),
	vec3(-6.27911e+39, 1.23724e+40, 7.98921e+39),
	vec3(-6.88644e+39, 1.30379e+40, 7.72592e+39),
	vec3(-7.45802e+39, 1.36424e+40, 7.43591e+39),
	vec3(-7.98867e+39, 1.41803e+40, 7.12121e+39),
	vec3(-8.47347e+39, 1.46462e+40, 6.78427e+39),
	vec3(-8.90782e+39, 1.50355e+40, 6.42792e+39),
	vec3(-9.28747e+39, 1.53444e+40, 6.0554e+39),
	vec3(-9.6085e+39, 1.55694e+40, 5.67035e+39),
	vec3(-9.86743e+39, 1.57081e+40, 5.27677e+39),
	vec3(-1.00612e+40, 1.57585e+40, 4.87903e+39),
	vec3(-1.0187e+40, 1.57196e+40, 4.48181e+39),
	vec3(-1.02428e+40, 1.5591e+40, 4.09014e+39),
	vec3(-1.02269e+40, 1.5373e+40, 3.7093e+39),
	vec3(-1.01378e+40, 1.50669e+40, 3.34484e+39),
	vec3(-9.97483e+39, 1.46745e+40, 3.00252e+39),
	vec3(-9.73766e+39, 1.41982e+40, 2.68826e+39),
	vec3(-9.4264e+39, 1.36415e+40, 2.40812e+39),
	vec3(-9.04164e+39, 1.30081e+40, 2.16827e+39),
	vec3(-8.58441e+39, 1.23027e+40, 1.97489e+39),
	vec3(-8.05618e+39, 1.15301e+40, 1.83416e+39),
	vec3(-7.45883e+39, 1.06961e+40, 1.75221e+39),
	vec3(-6.79461e+39, 9.80654e+39, 1.73506e+39),
	vec3(-6.06616e+39, 8.86799e+39, 1.78857e+39),
	vec3(-5.27645e+39, 7.88716e+39, 1.91837e+39),
	vec3(-4.42875e+39, 6.87108e+39, 2.12984e+39),
	vec3(-3.52661e+39, 5.827e+39, 2.42804e+39),
	vec3(-2.57384e+39, 4.76228e+39, 2.81765e+39),
	vec3(-1.57444e+39, 3.68434e+39, 3.30295e+39),
	vec3(-5.32577e+38, 2.60063e+39, 3.88773e+39),
	vec3(5.4742e+38, 1.51846e+39, 4.57529e+39),
	vec3(1.66114e+39, 4.45062e+38, 5.36837e+39),
	vec3(2.80409e+39, -6.12598e+38, 6.26912e+39),
	vec3(3.97178e+39, -1.64781e+39, 7.27905e+39),
	vec3(5.15968e+39, -2.65421e+39, 8.39904e+39),
	vec3(6.36334e+39, -3.62583e+39, 9.62926e+39),
	vec3(7.57837e+39, -4.55716e+39, 1.09692e+40),
	vec3(8.80047e+39, -5.4432e+39, 1.24176e+40),
	vec3(1.00255e+40, -6.27946e+39, 1.39724e+40),
	vec3(1.12494e+40, -7.06208e+39, 1.56309e+40),
	vec3(1.24684e+40, -7.7878e+39, 1.73897e+40),
	vec3(1.3679e+40, -8.45399e+39, 1.92445e+40),
	vec3(1.48776e+40, -9.05869e+39, 2.11903e+40),
	vec3(1.60611e+40, -9.60062e+39, 2.32216e+40),
	vec3(1.72267e+40, -1.00792e+40, 2.53318e+40),
	vec3(1.83717e+40, -1.04944e+40, 2.7514e+40),
	vec3(1.94937e+40, -1.08471e+40, 2.97605e+40),
	vec3(2.05905e+40, -1.11386e+40, 3.2063e+40),
	vec3(2.16605e+40, -1.1371e+40, 3.44127e+40),
	vec3(2.27019e+40, -1.15469e+40, 3.68003e+40),
	vec3(2.37134e+40, -1.16694e+40, 3.92158e+40),
	vec3(2.4694e+40, -1.17424e+40, 4.16492e+40),
	vec3(2.56428e+40, -1.177e+40, 4.40899e+40),
	vec3(2.65592e+40, -1.17568e+40, 4.6527e+40),
	vec3(2.74427e+40, -1.17078e+40, 4.89496e+40),
	vec3(2.82931e+40, -1.16284e+40, 5.13463e+40),
	vec3(2.91104e+40, -1.15241e+40, 5.3706e+40),
	vec3(2.98945e+40, -1.14007e+40, 5.60174e+40),
	vec3(3.06457e+40, -1.12639e+40, 5.82693e+40),
	vec3(3.13641e+40, -1.11197e+40, 6.04506e+40),
	vec3(3.20501e+40, -1.09739e+40, 6.25506e+40),
	vec3(3.27041e+40, -1.08323e+40, 6.45586e+40),
	vec3(3.33264e+40, -1.07004e+40, 6.64645e+40),
	vec3(3.39172e+40, -1.05836e+40, 6.82586e+40),
	vec3(3.4477e+40, -1.04869e+40, 6.99315e+40),
	vec3(3.50059e+40, -1.0415e+40, 7.14746e+40),
	vec3(3.55041e+40, -1.0372e+40, 7.28798e+40),
	vec3(3.59715e+40, -1.03617e+40, 7.41397e+40),
	vec3(3.64081e+40, -1.03873e+40, 7.52477e+40),
	vec3(3.68136e+40, -1.04512e+40, 7.61978e+40),
	vec3(3.71875e+40, -1.05556e+40, 7.69849e+40),
	vec3(3.75293e+40, -1.07016e+40, 7.7605e+40),
	vec3(3.7838e+40, -1.08899e+40, 7.80546e+40),
	vec3(3.81128e+40, -1.11202e+40, 7.83313e+40),
	vec3(3.83524e+40, -1.13918e+40, 7.84336e+40),
	vec3(3.85554e+40, -1.1703e+40, 7.8361e+40),
	vec3(3.87202e+40, -1.20514e+40, 7.8114e+40),
	vec3(3.88449e+40, -1.2434e+40, 7.76938e+40),
	vec3(3.89278e+40, -1.28469e+40, 7.71028e+40),
	vec3(3.89664e+40, -1.32857e+40, 7.63442e+40),
	vec3(3.89586e+40, -1.37452e+40, 7.54221e+40),
	vec3(3.8902e+40, -1.42196e+40, 7.43416e+40),
	vec3(3.87938e+40, -1.47025e+40, 7.31084e+40),
	vec3(3.86315e+40, -1.51871e+40, 7.17293e+40),
	vec3(3.84123e+40, -1.5666e+40, 7.02117e+40),
	vec3(3.81335e+40, -1.61314e+40, 6.85637e+40),
	vec3(3.77923e+40, -1.65751e+40, 6.67941e+40),
	vec3(3.73858e+40, -1.69889e+40, 6.49122e+40),
	vec3(3.69115e+40, -1.73641e+40, 6.29282e+40),
	vec3(3.63667e+40, -1.7692e+40, 6.08522e+40),
	vec3(3.57489e+40, -1.79639e+40, 5.86951e+40),
	vec3(3.50557e+40, -1.81712e+40, 5.6468e+40),
	vec3(3.42852e+40, -1.83053e+40, 5.41824e+40),
	vec3(3.34353e+40, -1.83579e+40, 5.18496e+40),
	vec3(3.25045e+40, -1.8321e+40, 4.94814e+40),
	vec3(3.14914e+40, -1.81869e+40, 4.70895e+40),
	vec3(3.0395e+40, -1.79486e+40, 4.46853e+40),
	vec3(2.92147e+40, -1.75995e+40, 4.22805e+40),
	vec3(2.79503e+40, -1.71335e+40, 3.98863e+40),
	vec3(2.6602e+40, -1.65454e+40, 3.75137e+40),
	vec3(2.51703e+40, -1.58306e+40, 3.51734e+40),
	vec3(2.36564e+40, -1.49854e+40, 3.28755e+40),
	vec3(2.20618e+40, -1.40069e+40, 3.063e+40),
	vec3(2.03885e+40, -1.28933e+40, 2.84459e+40),
	vec3(1.86391e+40, -1.16434e+40, 2.63321e+40),
	vec3(1.68165e+40, -1.02573e+40, 2.42965e+40),
	vec3(1.49244e+40, -8.73603e+39, 2.23464e+40),
	vec3(1.29667e+40, -7.08146e+39, 2.04886e+40),
	vec3(1.0948e+40, -5.29667e+39, 1.87289e+40),
	vec3(8.87326e+39, -3.38568e+39, 1.70724e+40),
	vec3(6.74792e+39, -1.35354e+39, 1.55234e+40),
	vec3(4.57787e+39, 7.93707e+38, 1.40855e+40),
	vec3(2.36941e+39, 3.04908e+39, 1.27614e+40),
	vec3(1.29248e+38, 5.40468e+39, 1.15529e+40),
	vec3(-2.13559e+39, 7.8517e+39, 1.04611e+40),
	vec3(-4.41773e+39, 1.03805e+40, 9.48623e+39),
	vec3(-6.70955e+39, 1.29808e+40, 8.6278e+39),
	vec3(-9.00316e+39, 1.56415e+40, 7.88449e+39),
	vec3(-1.12905e+40, 1.83508e+40, 7.25426e+39),
	vec3(-1.35634e+40, 2.10966e+40, 6.73438e+39),
	vec3(-1.58135e+40, 2.38662e+40, 6.32142e+39),
	vec3(-1.80325e+40, 2.66464e+40, 6.01134e+39),
	vec3(-2.02121e+40, 2.9424e+40, 5.79952e+39),
	vec3(-2.2344e+40, 3.21854e+40, 5.6808e+39),
	vec3(-2.442e+40, 3.4917e+40, 5.64954e+39),
	vec3(-2.64321e+40, 3.76051e+40, 5.69967e+39),
	vec3(-2.83727e+40, 4.02364e+40, 5.82476e+39),
	vec3(-3.02342e+40, 4.27975e+40, 6.01808e+39),
	vec3(-3.20095e+40, 4.52755e+40, 6.27262e+39),
	vec3(-3.36917e+40, 4.76577e+40, 6.58123e+39),
	vec3(-3.52745e+40, 4.99321e+40, 6.93658e+39),
	vec3(-3.67521e+40, 5.20871e+40, 7.33132e+39),
	vec3(-3.8119e+40, 5.4112e+40, 7.75807e+39),
	vec3(-3.93704e+40, 5.59967e+40, 8.20952e+39),
	vec3(-4.0502e+40, 5.77319e+40, 8.67845e+39),
	vec3(-4.15101e+40, 5.93091e+40, 9.15781e+39),
	vec3(-4.23918e+40, 6.0721e+40, 9.64079e+39),
	vec3(-4.31446e+40, 6.19612e+40, 1.01208e+40),
	vec3(-4.37668e+40, 6.30241e+40, 1.05916e+40),
	vec3(-4.42574e+40, 6.39055e+40, 1.10473e+40),
	vec3(-4.46161e+40, 6.46022e+40, 1.14824e+40),
	vec3(-4.48432e+40, 6.51121e+40, 1.18918e+40),
	vec3(-4.49397e+40, 6.54342e+40, 1.22709e+40),
	vec3(-4.49074e+40, 6.55688e+40, 1.26154e+40),
	vec3(-4.47487e+40, 6.5517e+40, 1.29218e+40),
	vec3(-4.44665e+40, 6.52813e+40, 1.31869e+40),
	vec3(-4.40646e+40, 6.48652e+40, 1.34081e+40),
	vec3(-4.35471e+40, 6.42732e+40, 1.35832e+40),
	vec3(-4.29189e+40, 6.3511e+40, 1.37106e+40),
	vec3(-4.21852e+40, 6.2585e+40, 1.37894e+40),
	vec3(-4.1352e+40, 6.15026e+40, 1.38189e+40),
	vec3(-4.04255e+40, 6.0272e+40, 1.37991e+40),
	vec3(-3.94124e+40, 5.89024e+40, 1.37303e+40),
	vec3(-3.83196e+40, 5.74033e+40, 1.36136e+40),
	vec3(-3.71544e+40, 5.57851e+40, 1.34502e+40),
	vec3(-3.59245e+40, 5.40587e+40, 1.32418e+40),
	vec3(-3.46376e+40, 5.22353e+40, 1.29905e+40),
	vec3(-3.33014e+40, 5.03265e+40, 1.26988e+40),
	vec3(-3.19241e+40, 4.83442e+40, 1.23693e+40),
	vec3(-3.05135e+40, 4.63005e+40, 1.20052e+40),
	vec3(-2.90777e+40, 4.42074e+40, 1.16095e+40),
	vec3(-2.76243e+40, 4.20771e+40, 1.11857e+40),
	vec3(-2.61613e+40, 3.99215e+40, 1.07374e+40),
	vec3(-2.4696e+40, 3.77524e+40, 1.02683e+40),
	vec3(-2.32358e+40, 3.55813e+40, 9.78203e+39),
	vec3(-2.17876e+40, 3.34193e+40, 9.28237e+39),
	vec3(-2.03581e+40, 3.1277e+40, 8.77307e+39),
	vec3(-1.89535e+40, 2.91647e+40, 8.25779e+39),
	vec3(-1.75798e+40, 2.70917e+40, 7.74016e+39),
	vec3(-1.62424e+40, 2.50672e+40, 7.22363e+39),
	vec3(-1.49461e+40, 2.30992e+40, 6.71152e+39),
	vec3(-1.36956e+40, 2.11953e+40, 6.207e+39),
	vec3(-1.24947e+40, 1.93621e+40, 5.71297e+39),
	vec3(-1.13468e+40, 1.76055e+40, 5.23216e+39),
	vec3(-1.02548e+40, 1.59306e+40, 4.76702e+39),
	vec3(-9.2211e+39, 1.43415e+40, 4.31973e+39),
	vec3(-8.24743e+39, 1.28416e+40, 3.89222e+39),
	vec3(-7.33507e+39, 1.14334e+40, 3.48612e+39),
	vec3(-6.48473e+39, 1.01184e+40, 3.10275e+39),
	vec3(-5.69662e+39, 8.89751e+39, 2.74317e+39),
	vec3(-4.97047e+39, 7.77072e+39, 2.40813e+39),
	vec3(-4.30551e+39, 6.73725e+39, 2.09809e+39),
	vec3(-3.70054e+39, 5.79561e+39, 1.81323e+39),
	vec3(-3.15394e+39, 4.94362e+39, 1.55349e+39),
	vec3(-2.6637e+39, 4.17847e+39, 1.31852e+39),
	vec3(-2.22747e+39, 3.49678e+39, 1.10775e+39),
	vec3(-1.8426e+39, 2.89464e+39, 9.20403e+38),
	vec3(-1.50618e+39, 2.36771e+39, 7.55484e+38),
	vec3(-1.21506e+39, 1.91126e+39, 6.1184e+38),
	vec3(-9.65921e+38, 1.52027e+39, 4.88167e+38),
	vec3(-7.5533e+38, 1.18948e+39, 3.83039e+38),
	vec3(-5.79755e+38, 9.13455e+38, 2.94934e+38),
	vec3(-4.3563e+38, 6.86702e+38, 2.22266e+38),
	vec3(-3.194e+38, 5.03705e+38, 1.63404e+38),
	vec3(-2.27562e+38, 3.59019e+38, 1.16708e+38),
	vec3(-1.56713e+38, 2.47333e+38, 8.0553e+37),
	vec3(-1.03587e+38, 1.63541e+38, 5.33535e+37),
	vec3(-6.51006e+37, 1.0281e+38, 3.35912e+37),
	vec3(-3.83853e+37, 6.06358e+37, 1.98379e+37),
	vec3(-2.08249e+37, 3.29038e+37, 1.07773e+37),
	vec3(-1.00861e+37, 1.59393e+37, 5.22582e+36),
	vec3(-4.14582e+36, 6.55275e+36, 2.15006e+36),
	vec3(-1.31535e+36, 2.07925e+36, 6.82655e+35),
	vec3(-2.6033e+35, 4.11554e+35, 1.3518e+35),
	vec3(-1.62896e+34, 2.57536e+34, 8.46127e+33),
);
